2017-05-15T00:01:59.00,40.233528,-104.989181,0.000000,0.000000,0.000000,0.000000,25.869995,29.369995,0,13708,0
2017-05-15T00:02:00.00,40.233528,-104.989181,0.000000,0.000000,0.000000,3.000000,25.850006,29.450012,13519,13736,10624
2017-05-15T00:02:01.00,40.233528,-104.989189,0.000000,0.000000,0.000000,3.000000,25.829986,29.269989,15166,16336,12261
2017-05-15T00:02:02.00,40.233528,-104.989189,0.000000,0.000000,0.000000,3.000000,25.829986,29.089996,17994,18330,14185
2017-05-15T00:02:03.00,40.233528,-104.989189,0.000000,0.000000,0.000000,3.000000,25.809997,28.929992,18059,18335,14227
2017-05-15T00:02:04.00,40.233528,-104.989189,0.000000,0.000000,0.000000,3.000000,25.829986,28.989990,18820,19155,14884
2017-05-15T00:02:05.00,40.233528,-104.989189,0.000000,0.000000,0.000000,3.000000,25.809997,28.970001,19242,19635,15265
2017-05-15T00:02:06.00,40.233528,-104.989189,0.000000,0.000000,0.000000,3.000000,25.809997,28.670013,19734,20259,15649
2017-05-15T00:02:07.00,40.233524,-104.989189,0.000000,0.000000,0.000000,3.000000,25.809997,28.829986,19879,20311,15726
2017-05-15T00:02:08.00,40.233524,-104.989189,0.000000,0.000000,0.000000,3.000000,25.829986,28.829986,19854,20301,15705
2017-05-15T00:02:09.00,40.233524,-104.989189,0.000000,0.000000,0.000000,3.000000,25.809997,28.850006,19868,20322,15725
2017-05-15T00:02:10.00,40.233524,-104.989189,0.000000,0.000000,0.000000,3.000000,25.809997,28.769989,19677,20177,15536
2017-05-15T00:02:11.00,40.233528,-104.989196,0.000000,0.000000,0.000000,3.000000,25.829986,28.970001,18863,18991,14828
2017-05-15T00:02:12.00,40.233528,-104.989196,0.000000,0.000000,0.000000,3.000000,25.850006,29.010009,18092,18505,14332
2017-05-15T00:02:13.00,40.233528,-104.989196,0.000000,0.000000,0.000000,3.000000,25.850006,28.989990,18148,18546,14366
2017-05-15T00:02:14.00,40.233528,-104.989196,0.000000,0.000000,0.000000,3.000000,25.809997,28.910003,18647,18950,14579
2017-05-15T00:02:15.00,40.233528,-104.989196,0.000000,0.000000,0.000000,3.000000,25.829986,28.910003,19635,20026,15556
2017-05-15T00:02:16.00,40.233528,-104.989204,0.000000,0.000000,0.000000,3.000000,25.829986,28.970001,19817,20247,15699
2017-05-15T00:02:17.00,40.233528,-104.989212,0.000000,0.000000,0.000000,3.000000,25.850006,28.809997,19886,20358,15743
2017-05-15T00:02:18.00,40.233528,-104.989212,0.000000,0.000000,0.000000,3.000000,25.829986,29.130004,19895,20365,15759
2017-05-15T00:02:19.00,40.233528,-104.989212,0.000000,0.000000,0.000000,3.000000,25.769989,29.410003,19878,20354,15754
2017-05-15T00:02:20.00,40.233528,-104.989212,0.000000,0.000000,0.000000,3.000000,25.730010,29.329986,19807,20312,15678
2017-05-15T00:02:21.00,40.233528,-104.989212,0.000000,0.000000,0.000000,3.000000,25.690002,28.929992,20358,20410,16903
2017-05-15T00:02:22.00,40.233528,-104.989219,0.000000,0.000000,0.000000,3.000000,25.630004,28.230010,22109,23162,17619
2017-05-15T00:02:23.00,40.233528,-104.989212,0.000000,0.000000,0.000000,3.000000,25.589996,28.809997,26753,27345,22076
2017-05-15T00:02:24.00,40.233528,-104.989219,0.000000,0.000000,0.000000,3.000000,25.570007,25.450012,23568,21558,17233
2017-05-15T00:02:25.00,40.233524,-104.989219,0.000000,0.000000,0.000000,3.000000,25.529998,27.750000,28295,28684,23449
2017-05-15T00:02:26.00,40.233501,-104.989280,0.000000,0.000000,0.000000,3.000000,25.470001,19.290008,16705,15121,12294
2017-05-15T00:02:27.00,40.233509,-104.989273,0.000000,4.630000,269.200012,3.000000,25.429992,19.730010,15878,13318,11535
2017-05-15T00:02:28.00,40.233501,-104.989257,0.100000,3.518800,257.299987,3.000000,25.390014,19.829986,16294,13612,11807
2017-05-15T00:02:29.00,40.233501,-104.989250,0.100000,3.889200,230.500000,3.000000,25.369995,21.089996,16410,13694,11887
2017-05-15T00:02:30.00,40.233501,-104.989242,0.300000,2.963200,125.300003,3.000000,25.350006,19.829986,16590,14155,12195
2017-05-15T00:02:31.00,40.233509,-104.989242,0.300000,1.852000,86.599998,3.000000,25.329986,18.890014,19154,17014,15084
2017-05-15T00:02:32.00,40.233512,-104.989250,0.700000,2.407600,25.500000,3.000000,25.309997,21.790008,21224,19395,16387
2017-05-15T00:02:33.00,40.233520,-104.989257,0.700000,3.889200,338.399993,3.000000,25.269989,26.890014,23082,21274,17686
2017-05-15T00:02:34.00,40.233528,-104.989265,1.100000,3.333600,312.600006,3.000000,25.250000,27.670013,23612,21241,17752
2017-05-15T00:02:35.00,40.233528,-104.989265,1.100000,3.148400,323.299987,3.000000,25.230010,27.070007,22646,20647,17398
2017-05-15T00:02:36.00,40.233528,-104.989265,1.100000,0.000000,323.299987,3.000000,25.209991,19.769989,20168,18518,15849
2017-05-15T00:02:37.00,40.233528,-104.989273,3.000000,0.000000,323.299987,4.000000,25.190002,19.149993,18436,16590,13943
2017-05-15T00:02:38.00,40.233528,-104.989280,4.800000,0.000000,323.299987,4.000000,25.170013,19.230010,17461,15386,13122
2017-05-15T00:02:39.00,40.233528,-104.989280,6.600000,0.000000,323.299987,4.000000,25.170013,19.529998,16953,14427,12626
2017-05-15T00:02:40.00,40.233528,-104.989288,8.300001,0.000000,323.299987,4.000000,25.130004,19.089996,16642,14101,12393
2017-05-15T00:02:41.00,40.233528,-104.989295,10.100001,0.000000,323.299987,4.000000,25.130004,19.250000,16686,14103,12350
2017-05-15T00:02:42.00,40.233528,-104.989303,11.800001,0.000000,323.299987,4.000000,25.089996,19.649993,16839,14316,12516
2017-05-15T00:02:43.00,40.233528,-104.989303,13.600001,0.000000,323.299987,4.000000,25.089996,19.829986,16622,13999,12243
2017-05-15T00:02:44.00,40.233528,-104.989311,15.300001,0.000000,323.299987,4.000000,25.089996,19.429992,16515,13725,12090
2017-05-15T00:02:45.00,40.233543,-104.989303,15.300001,0.000000,323.299987,4.000000,25.109985,20.149993,16449,13536,11930
2017-05-15T00:02:46.00,40.233543,-104.989311,17.100000,7.408000,323.299987,4.000000,25.109985,19.929992,16514,13561,11878
2017-05-15T00:02:47.00,40.233543,-104.989318,18.799999,0.000000,323.299987,4.000000,25.089996,20.130004,16650,13656,11880
2017-05-15T00:02:48.00,40.233543,-104.989326,20.500000,0.000000,323.299987,4.000000,25.070007,20.190002,16708,13746,11900
2017-05-15T00:02:49.00,40.233547,-104.989326,22.299999,0.000000,323.299987,4.000000,25.070007,20.529998,16803,13813,11908
2017-05-15T00:02:50.00,40.233547,-104.989334,24.000000,0.000000,323.299987,4.000000,25.049987,20.910003,16846,13782,11889
2017-05-15T00:02:51.00,40.233547,-104.989341,25.700000,0.000000,323.299987,4.000000,25.029998,20.790008,16726,13643,11805
2017-05-15T00:02:52.00,40.233547,-104.989349,27.500000,0.000000,323.299987,4.000000,24.970001,19.989990,16585,13489,11717
2017-05-15T00:02:53.00,40.233547,-104.989349,29.200000,0.000000,323.299987,4.000000,24.989990,19.910003,16572,13418,11697
2017-05-15T00:02:54.00,40.233547,-104.989356,30.899999,0.000000,323.299987,4.000000,24.970001,19.510009,16662,13553,11780
2017-05-15T00:02:55.00,40.233554,-104.989631,33.400001,0.000000,323.299987,5.000000,25.010009,19.929992,16690,13658,11808
2017-05-15T00:02:56.00,40.233558,-104.989845,36.000000,6.296800,3.000000,5.000000,24.950012,19.929992,16763,13686,11834
2017-05-15T00:02:57.00,40.233558,-104.989845,37.500000,3.889200,75.000000,5.000000,24.910003,20.149993,16862,13885,11918
2017-05-15T00:02:58.00,40.233558,-104.989845,39.000000,0.000000,75.000000,5.000000,24.890014,19.869995,16852,13775,11883
2017-05-15T00:02:59.00,40.233566,-104.990043,41.700000,0.000000,75.000000,5.000000,24.890014,19.850006,16843,13738,11864
2017-05-15T00:03:00.00,40.233577,-104.990211,44.799999,3.889200,268.700012,5.000000,24.890014,19.850006,16961,13988,11942
2017-05-15T00:03:01.00,40.233589,-104.990371,48.000000,5.370800,271.799987,5.000000,24.869995,20.290008,17129,14111,12016
2017-05-15T00:03:02.00,40.233600,-104.990516,51.500000,6.852400,282.899993,5.000000,24.829986,20.250000,17065,14058,11970
2017-05-15T00:03:03.00,40.233608,-104.990638,55.400001,8.148800,280.500000,5.000000,24.869995,20.309997,17178,14182,12041
2017-05-15T00:03:04.00,40.233623,-104.990760,59.400001,8.519200,279.299987,5.000000,24.850006,20.809997,17082,14115,11982
2017-05-15T00:03:05.00,40.233634,-104.990905,66.099998,7.963600,283.399993,5.000000,24.829986,20.149993,16562,13687,11701
2017-05-15T00:03:06.00,40.233650,-104.991004,70.800003,7.593200,283.899993,5.000000,24.829986,20.010009,16176,13260,11544
2017-05-15T00:03:07.00,40.233661,-104.991096,75.800003,8.148800,292.000000,5.000000,24.829986,19.829986,16053,13194,11516
2017-05-15T00:03:08.00,40.233669,-104.991180,81.199996,7.037600,290.299987,5.000000,24.809997,19.790008,16070,13284,11552
2017-05-15T00:03:09.00,40.233673,-104.991256,86.900001,6.296800,284.799987,5.000000,24.829986,19.730010,16133,13476,11689
2017-05-15T00:03:10.00,40.233680,-104.991333,92.900001,5.556000,274.799987,5.000000,24.769989,20.309997,16109,13505,11674
2017-05-15T00:03:11.00,40.233684,-104.991401,99.199996,5.370800,269.100006,5.000000,24.769989,20.369995,15944,13382,11604
2017-05-15T00:03:12.00,40.233680,-104.991470,105.800003,5.556000,261.600006,5.000000,24.750000,19.690002,15871,13419,11638
2017-05-15T00:03:13.00,40.233680,-104.991531,112.699996,5.926400,249.000000,5.000000,24.769989,19.829986,15803,13319,11582
2017-05-15T00:03:14.00,40.233676,-104.991584,119.800003,5.000400,239.199996,5.000000,24.750000,20.109985,15703,13044,11384
2017-05-15T00:03:15.00,40.233676,-104.991584,121.300003,3.518800,239.199996,5.000000,24.730010,20.390014,15688,12910,11276
2017-05-15T00:03:16.00,40.233676,-104.991592,122.699996,0.000000,239.199996,5.000000,24.690002,20.649993,15739,12971,11337
2017-05-15T00:03:17.00,40.233684,-104.991622,130.100006,0.000000,239.199996,5.000000,24.690002,20.730010,15859,13175,11402
2017-05-15T00:03:18.00,40.233688,-104.991645,137.600006,3.889200,234.800003,5.000000,24.690002,20.329986,16096,13380,11491
2017-05-15T00:03:19.00,40.233695,-104.991668,145.500000,4.630000,217.100006,5.000000,24.690002,20.429992,16169,13515,11600
2017-05-15T00:03:20.00,40.233695,-104.991691,153.500000,3.889200,81.900001,5.000000,24.690002,20.089996,16066,13394,11404
2017-05-15T00:03:21.00,40.233688,-104.991722,161.699996,2.963200,81.900001,5.000000,24.709991,20.489990,16000,13175,11351
2017-05-15T00:03:22.00,40.233676,-104.991752,170.100006,4.074400,115.599998,5.000000,24.690002,20.769989,16096,13313,11397
2017-05-15T00:03:23.00,40.233665,-104.991775,178.600006,5.370800,152.100006,5.000000,24.709991,20.570007,16377,13625,11570
2017-05-15T00:03:24.00,40.233654,-104.991798,187.399993,5.926400,161.699996,5.000000,24.690002,21.410003,16963,14015,11829
2017-05-15T00:03:25.00,40.233642,-104.991813,196.199996,6.852400,153.500000,5.000000,24.690002,21.209991,16930,14030,11852
2017-05-15T00:03:26.00,40.233631,-104.991828,205.199996,7.037600,147.100006,5.000000,24.709991,21.089996,16620,13770,11619
2017-05-15T00:03:27.00,40.233623,-104.991836,214.300003,7.222800,137.300003,5.000000,24.690002,20.910003,16242,13310,11397
2017-05-15T00:03:28.00,40.233612,-104.991851,223.399993,7.037600,133.199996,5.000000,24.670013,21.070007,15957,13076,11245
2017-05-15T00:03:29.00,40.233604,-104.991859,232.399993,6.667200,131.100006,5.000000,24.630004,20.690002,15722,12901,11125
2017-05-15T00:03:30.00,40.233596,-104.991859,241.600006,6.852400,127.900001,5.000000,24.649993,20.489990,15656,12822,11067
2017-05-15T00:03:31.00,40.233589,-104.991859,250.800003,7.408000,123.900001,5.000000,24.670013,20.230010,15646,12823,11049
2017-05-15T00:03:32.00,40.233577,-104.991859,260.100006,7.963600,119.099998,5.000000,24.649993,20.649993,15740,12885,11136
2017-05-15T00:03:33.00,40.233566,-104.991859,269.399993,8.704401,124.300003,5.000000,24.630004,20.329986,15945,13211,11310
2017-05-15T00:03:34.00,40.233619,-104.992492,680.299987,8.704401,131.399993,5.000000,24.609985,20.410003,15918,13140,11266
2017-05-15T00:03:35.00,40.233608,-104.992492,680.400024,7.222800,144.300003,5.000000,24.609985,20.429992,15949,13205,11320
2017-05-15T00:03:36.00,40.233604,-104.992500,680.700012,4.259600,172.500000,5.000000,24.570007,19.989990,15726,12971,11151
2017-05-15T00:03:37.00,40.233608,-104.992530,683.000000,3.889200,228.100006,6.000000,24.549987,20.230010,15461,12548,10974
2017-05-15T00:03:38.00,40.233619,-104.992568,692.700012,7.037600,278.299987,6.000000,24.549987,21.089996,15737,12801,11109
2017-05-15T00:03:39.00,40.233634,-104.992614,705.500000,10.926801,293.600006,6.000000,24.549987,20.010009,15496,12628,10978
2017-05-15T00:03:40.00,40.233650,-104.992660,721.099975,11.852801,300.000000,6.000000,24.529998,20.170013,16053,13196,11251
2017-05-15T00:03:41.00,40.233665,-104.992706,739.299987,10.371200,303.299987,6.000000,24.529998,21.329986,16615,13732,11609
2017-05-15T00:03:42.00,40.233680,-104.992736,746.299987,9.630400,311.700012,6.000000,24.549987,21.149993,16528,13690,11584
2017-05-15T00:03:43.00,40.233688,-104.992759,754.099975,8.334001,308.299987,6.000000,24.529998,20.609985,16002,13294,11226
2017-05-15T00:03:44.00,40.233695,-104.992790,762.000000,7.037600,302.600006,6.000000,24.549987,19.950012,15585,12746,10991
2017-05-15T00:03:45.00,40.233699,-104.992820,769.799987,6.667200,290.299987,6.000000,24.529998,20.649993,15566,12790,10978
2017-05-15T00:03:46.00,40.233703,-104.992851,777.700012,6.482000,280.100006,6.000000,24.549987,20.130004,15457,12699,10943
2017-05-15T00:03:47.00,40.233707,-104.992881,785.900024,6.296800,281.500000,6.000000,24.570007,19.730010,15354,12650,10861
2017-05-15T00:03:48.00,40.233753,-104.993316,1033.099975,6.296800,273.700012,6.000000,24.549987,19.730010,15242,12587,10826
2017-05-15T00:03:49.00,40.233753,-104.993331,1033.400024,6.482000,270.600006,6.000000,24.529998,19.690002,15257,12814,10911
2017-05-15T00:03:50.00,40.233753,-104.993347,1033.500000,5.926400,269.899993,6.000000,24.529998,19.869995,15339,13025,11071
2017-05-15T00:03:51.00,40.233749,-104.993362,1034.099975,4.630000,273.399993,6.000000,24.529998,19.489990,15436,13212,11198
2017-05-15T00:03:52.00,40.233745,-104.993370,1034.900024,3.704000,253.699996,6.000000,24.489990,20.170013,15468,13293,11296
2017-05-15T00:03:53.00,40.233737,-104.993377,1035.699951,3.333600,225.600006,6.000000,24.489990,20.170013,15467,13260,11276
2017-05-15T00:03:54.00,40.233737,-104.993377,1036.199951,3.518800,206.600006,6.000000,24.489990,19.910003,15472,13311,11337
2017-05-15T00:03:55.00,40.233726,-104.993385,1037.199951,0.000000,206.600006,6.000000,24.510009,19.649993,15352,13055,11151
2017-05-15T00:03:56.00,40.233718,-104.993377,1038.300048,3.333600,185.699996,6.000000,24.489990,19.950012,15186,12771,10961
2017-05-15T00:03:57.00,40.233711,-104.993370,1039.500000,3.889200,158.699996,6.000000,24.489990,20.170013,15124,12545,10810
2017-05-15T00:03:58.00,40.233703,-104.993354,1040.900024,4.630000,135.300003,6.000000,24.489990,20.130004,15125,12464,10734
2017-05-15T00:03:59.00,40.233699,-104.993331,1042.599975,6.667200,114.800003,6.000000,24.489990,20.149993,15294,12561,10847
2017-05-15T00:04:00.00,40.233695,-104.993347,1067.500000,8.148800,106.000000,6.000000,24.510009,20.750000,15654,12936,11029
2017-05-15T00:04:01.00,40.233692,-104.993354,1118.000000,9.445200,105.500000,7.000000,24.489990,20.829986,16009,13317,11281
2017-05-15T00:04:02.00,40.233695,-104.993370,1159.599975,9.815601,97.699996,7.000000,24.450012,20.989990,16011,13278,11266
2017-05-15T00:04:03.00,40.233695,-104.993362,1171.400024,8.704401,97.199996,7.000000,24.470001,21.010009,16066,13420,11317
2017-05-15T00:04:04.00,40.233692,-104.993362,1182.199951,5.926400,100.500000,7.000000,24.470001,20.869995,16048,13288,11263
2017-05-15T00:04:05.00,40.233688,-104.993370,1192.599975,3.889200,119.199996,7.000000,24.470001,21.010009,16089,13282,11285
2017-05-15T00:04:06.00,40.233673,-104.993377,1194.800048,3.704000,158.600006,7.000000,24.450012,20.989990,16035,13207,11245
2017-05-15T00:04:07.00,40.233661,-104.993385,1205.400024,4.259600,178.899993,7.000000,24.470001,20.929992,15681,12953,11114
2017-05-15T00:04:08.00,40.233654,-104.993385,1215.400024,5.926400,168.199996,7.000000,24.489990,20.209991,15267,12553,10864
2017-05-15T00:04:09.00,40.233650,-104.993408,1243.599975,6.111600,143.000000,7.000000,24.410003,19.970001,15099,12348,10682
2017-05-15T00:04:10.00,40.233638,-104.993408,1268.199951,7.222800,121.400001,7.000000,24.429992,20.209991,14926,12174,10585
2017-05-15T00:04:11.00,40.233634,-104.993415,1289.900024,10.000801,118.300003,7.000000,24.390014,20.209991,15213,12607,10810
2017-05-15T00:04:12.00,40.233634,-104.993415,1309.400024,10.926801,105.599998,7.000000,24.329986,20.570007,15539,13065,11031
2017-05-15T00:04:13.00,40.233638,-104.993423,1326.900024,10.556401,95.300003,7.000000,24.329986,20.350006,15504,13087,11106
2017-05-15T00:04:14.00,40.233638,-104.993423,1332.500000,6.482000,83.599998,7.000000,24.329986,19.929992,15457,13030,11038
2017-05-15T00:04:15.00,40.233638,-104.993438,1333.699951,1.481600,83.599998,7.000000,24.350006,19.950012,15180,12674,10768
2017-05-15T00:04:16.00,40.233638,-104.993469,1337.500000,3.704000,80.500000,7.000000,24.309997,19.790008,15113,12397,10697
2017-05-15T00:04:17.00,40.233646,-104.993530,1355.000000,7.408000,61.900001,7.000000,24.309997,20.149993,15173,12544,10772
2017-05-15T00:04:18.00,40.233650,-104.993583,1370.599975,9.815601,269.500000,7.000000,24.309997,20.690002,15614,12932,10992
2017-05-15T00:04:19.00,40.233654,-104.993644,1384.199951,10.371200,270.100006,7.000000,24.329986,21.049987,15894,13192,11152
2017-05-15T00:04:20.00,40.233654,-104.993698,1396.400024,9.815601,265.700012,7.000000,24.309997,20.989990,15958,13238,11169
2017-05-15T00:04:21.00,40.233650,-104.993743,1407.400024,9.445200,262.399993,7.000000,24.329986,20.809997,15615,12962,10938
2017-05-15T00:04:22.00,40.233646,-104.993782,1415.199951,8.889600,258.799987,6.000000,24.329986,20.529998,15166,12491,10717
2017-05-15T00:04:23.00,40.233642,-104.993804,1416.000000,8.334001,252.199996,7.000000,24.309997,20.209991,15087,12597,10724
2017-05-15T00:04:24.00,40.233638,-104.993827,1416.800048,6.667200,254.000000,7.000000,24.329986,20.290008,15038,12644,10753
2017-05-15T00:04:25.00,40.233634,-104.993843,1417.400024,5.000400,258.100006,6.000000,24.329986,20.290008,14987,12523,10699
2017-05-15T00:04:26.00,40.233627,-104.993850,1418.099975,4.630000,241.699996,6.000000,24.350006,20.929992,15170,12752,10925
2017-05-15T00:04:27.00,40.233627,-104.993850,1418.199951,4.815200,227.000000,7.000000,24.329986,20.609985,15435,13399,11279
2017-05-15T00:04:28.00,40.233627,-104.993850,1418.300048,0.000000,227.000000,6.000000,24.329986,20.570007,15861,13900,11766
2017-05-15T00:04:29.00,40.233615,-104.993865,1419.099975,0.000000,227.000000,7.000000,24.309997,20.790008,15774,13783,11734
2017-05-15T00:04:30.00,40.233608,-104.993865,1420.000000,4.815200,211.000000,7.000000,24.309997,20.649993,15331,13261,11317
2017-05-15T00:04:31.00,40.233600,-104.993850,1420.900024,2.963200,175.899993,7.000000,24.309997,20.410003,15136,13004,11018
2017-05-15T00:04:32.00,40.233596,-104.993843,1421.900024,4.074400,121.599998,7.000000,24.309997,20.329986,15067,12806,10931
2017-05-15T00:04:33.00,40.233581,-104.993835,1425.500000,5.370800,119.400001,6.000000,24.290008,20.070007,15036,12808,10939
2017-05-15T00:04:34.00,40.233573,-104.993827,1429.800048,6.296800,129.300003,7.000000,24.269989,19.989990,15053,12844,10961
2017-05-15T00:04:35.00,40.233570,-104.993835,1433.699951,4.815200,142.000000,7.000000,24.250000,20.269989,15123,12937,10983
2017-05-15T00:04:36.00,40.233562,-104.993827,1434.099975,3.148400,146.800003,6.000000,24.269989,19.970001,15089,12901,10958
2017-05-15T00:04:37.00,40.233558,-104.993820,1434.599975,2.778000,149.699996,6.000000,24.250000,19.869995,15055,12862,10952
2017-05-15T00:04:38.00,40.233551,-104.993820,1435.099975,2.592800,129.899993,6.000000,24.250000,19.750000,14959,12725,10892
2017-05-15T00:04:39.00,40.233543,-104.993812,1437.000000,4.074400,137.699996,6.000000,24.250000,20.049987,14876,12562,10770
2017-05-15T00:04:40.00,40.233539,-104.993797,1438.000000,4.815200,132.399993,7.000000,24.269989,19.649993,14781,12431,10639
2017-05-15T00:04:41.00,40.233539,-104.993774,1439.099975,5.556000,110.000000,7.000000,24.269989,19.910003,14722,12318,10514
2017-05-15T00:04:42.00,40.233535,-104.993759,1442.000000,6.482000,96.000000,7.000000,24.269989,20.109985,14719,12341,10483
2017-05-15T00:04:43.00,40.233535,-104.993736,1444.199951,7.222800,91.800003,6.000000,24.250000,19.970001,14609,12198,10415
2017-05-15T00:04:44.00,40.233535,-104.993721,1445.300048,7.408000,86.699996,7.000000,24.269989,19.850006,14529,12180,10397
2017-05-15T00:04:45.00,40.233531,-104.993705,1446.400024,6.296800,94.300003,7.000000,24.250000,20.109985,14417,12087,10342
2017-05-15T00:04:46.00,40.233531,-104.993705,1446.500000,4.815200,104.000000,6.000000,24.250000,19.989990,14324,11971,10270
2017-05-15T00:04:47.00,40.233528,-104.993682,1447.300048,0.000000,104.000000,7.000000,24.250000,19.529998,14263,11928,10221
2017-05-15T00:04:48.00,40.233528,-104.993675,1448.300048,6.111600,104.000000,7.000000,24.209991,19.570007,14259,11900,10204
2017-05-15T00:04:49.00,40.233528,-104.993675,1448.800048,3.333600,112.800003,6.000000,24.209991,19.630004,14287,11909,10197
2017-05-15T00:04:50.00,40.233531,-104.993682,1449.699951,1.111200,112.800003,7.000000,24.209991,19.730010,14409,11936,10251
2017-05-15T00:04:51.00,40.233535,-104.993690,1450.199951,2.407600,101.400001,6.000000,24.209991,19.670013,14325,11824,10193
2017-05-15T00:04:52.00,40.233535,-104.993705,1450.400024,3.148400,59.900001,5.000000,24.209991,19.869995,14301,11742,10140
2017-05-15T00:04:53.00,40.233543,-104.993721,1451.199951,4.074400,280.000000,7.000000,24.209991,20.130004,14832,12399,10561
2017-05-15T00:04:54.00,40.233547,-104.993743,1452.099975,5.556000,288.000000,7.000000,24.209991,19.510009,14536,11979,10286
2017-05-15T00:04:55.00,40.233547,-104.993751,1452.900024,5.556000,291.500000,8.000000,24.209991,19.450012,14310,11802,10168
2017-05-15T00:04:56.00,40.233543,-104.993766,1453.699951,3.148400,270.100006,8.000000,24.209991,19.190002,14235,11765,10144
2017-05-15T00:04:57.00,40.233543,-104.993766,1454.500000,1.852000,225.199996,8.000000,24.209991,19.209991,14246,11773,10153
2017-05-15T00:04:58.00,40.233543,-104.993774,1455.199951,1.481600,211.800003,8.000000,24.209991,19.570007,14320,11823,10195
2017-05-15T00:04:59.00,40.233543,-104.993789,1455.900024,1.852000,238.000000,8.000000,24.209991,19.630004,14283,11810,10167
2017-05-15T00:05:00.00,40.233554,-104.993820,1458.400024,4.630000,289.500000,8.000000,24.209991,20.190002,14414,12004,10258
2017-05-15T00:05:01.00,40.233566,-104.993850,1460.699951,7.593200,297.399993,8.000000,24.190002,20.410003,14483,12236,10418
2017-05-15T00:05:02.00,40.233577,-104.993881,1463.000000,8.889600,299.899993,8.000000,24.209991,19.869995,14460,12335,10504
2017-05-15T00:05:03.00,40.233585,-104.993896,1463.699951,8.519200,300.500000,8.000000,24.190002,19.910003,14333,12142,10346
2017-05-15T00:05:04.00,40.233592,-104.993904,1464.300048,6.111600,306.399993,8.000000,24.170013,19.829986,14275,11966,10275
2017-05-15T00:05:05.00,40.233600,-104.993904,1465.000000,3.704000,323.899993,8.000000,24.190002,20.309997,14227,11842,10202
2017-05-15T00:05:06.00,40.233608,-104.993904,1465.699951,3.148400,357.000000,8.000000,24.190002,20.130004,14201,11801,10166
2017-05-15T00:05:07.00,40.233615,-104.993904,1466.300048,2.963200,11.700000,8.000000,24.190002,20.350006,14163,11784,10143
2017-05-15T00:05:08.00,40.233623,-104.993904,1467.000000,3.333600,8.200000,8.000000,24.190002,19.790008,14184,11855,10175
2017-05-15T00:05:09.00,40.233634,-104.993911,1467.699951,3.518800,3.900000,8.000000,24.190002,19.950012,14230,11901,10190
2017-05-15T00:05:10.00,40.233646,-104.993911,1468.400024,3.889200,348.700012,8.000000,24.170013,20.369995,14335,11896,10197
2017-05-15T00:05:11.00,40.233661,-104.993919,1469.099975,5.000400,350.799987,8.000000,24.170013,20.109985,14358,12087,10270
2017-05-15T00:05:12.00,40.233676,-104.993927,1471.099975,5.926400,352.899993,8.000000,24.170013,19.989990,14349,12041,10270
2017-05-15T00:05:13.00,40.233692,-104.993927,1471.699951,6.296800,347.700012,8.000000,24.130004,19.910003,14374,11907,10188
2017-05-15T00:05:14.00,40.233707,-104.993927,1472.300048,5.926400,357.299987,8.000000,24.149993,20.269989,14383,11881,10171
2017-05-15T00:05:15.00,40.233722,-104.993927,1472.800048,5.370800,7.200000,8.000000,24.170013,20.649993,14307,11872,10138
2017-05-15T00:05:16.00,40.233737,-104.993927,1473.300048,5.741200,2.800000,8.000000,24.130004,20.369995,14203,11789,10087
2017-05-15T00:05:17.00,40.233753,-104.993934,1473.800048,5.741200,1.200000,8.000000,24.109985,20.290008,14112,11726,10033
2017-05-15T00:05:18.00,40.233768,-104.993934,1474.099975,5.741200,357.799987,7.000000,24.190002,20.329986,14048,11678,9999
2017-05-15T00:05:19.00,40.233783,-104.993934,1475.900024,5.926400,4.600000,8.000000,24.109985,20.769989,14031,11688,10002
2017-05-15T00:05:20.00,40.233806,-104.993934,1477.599975,7.408000,6.300000,8.000000,24.109985,20.170013,13977,11657,9990
2017-05-15T00:05:21.00,40.233829,-104.993934,1479.099975,8.334001,6.800000,8.000000,24.089996,20.470001,14072,11886,10154
2017-05-15T00:05:22.00,40.233852,-104.993927,1480.599975,8.889600,7.100000,7.000000,24.089996,20.510009,14107,11800,10101
2017-05-15T00:05:23.00,40.233871,-104.993911,1482.000000,8.889600,15.500000,7.000000,24.089996,20.850006,14384,12195,10384
2017-05-15T00:05:24.00,40.233882,-104.993904,1483.400024,8.334001,31.500000,8.000000,24.089996,20.609985,14569,12146,10315
2017-05-15T00:05:25.00,40.233886,-104.993896,1483.800048,6.482000,43.400001,8.000000,24.070007,20.690002,14738,12436,10503
2017-05-15T00:05:26.00,40.233882,-104.993888,1484.199951,3.704000,69.800003,8.000000,24.070007,21.130004,14700,12402,10445
2017-05-15T00:05:27.00,40.233871,-104.993896,1484.500000,1.666800,97.099998,8.000000,24.049987,21.089996,14700,12295,10393
2017-05-15T00:05:28.00,40.233860,-104.993904,1485.900024,4.074400,174.600006,8.000000,24.049987,21.269989,14665,12281,10367
2017-05-15T00:05:29.00,40.233840,-104.993911,1487.199951,6.111600,189.899993,8.000000,24.029998,21.130004,14442,11987,10214
2017-05-15T00:05:30.00,40.233825,-104.993911,1488.500000,6.852400,187.300003,8.000000,24.029998,20.709991,14341,11823,10111
2017-05-15T00:05:31.00,40.233806,-104.993911,1489.699951,6.852400,178.899993,8.000000,24.029998,20.510009,14402,11855,10171
2017-05-15T00:05:32.00,40.233795,-104.993911,1489.900024,6.852400,176.600006,8.000000,24.010009,20.769989,14478,11921,10194
2017-05-15T00:05:33.00,40.233779,-104.993911,1490.199951,5.926400,178.600006,8.000000,24.010009,20.769989,14560,12218,10313
2017-05-15T00:05:34.00,40.233772,-104.993927,1490.500000,5.000400,197.399993,8.000000,23.989990,20.690002,14658,12069,10266
2017-05-15T00:05:35.00,40.233760,-104.993934,1490.800048,5.000400,217.500000,8.000000,24.010009,21.029998,14824,12306,10383
2017-05-15T00:05:36.00,40.233753,-104.993934,1491.099975,4.074400,206.399993,8.000000,23.989990,21.070007,14833,12304,10400
2017-05-15T00:05:37.00,40.233745,-104.993934,1491.400024,3.333600,203.800003,8.000000,24.010009,20.850006,14851,12322,10447
2017-05-15T00:05:38.00,40.233741,-104.993942,1491.699951,2.778000,188.699996,8.000000,23.989990,21.109985,14880,12380,10471
2017-05-15T00:05:39.00,40.233730,-104.993942,1492.000000,2.037200,193.199996,8.000000,23.989990,21.010009,14674,12261,10381
2017-05-15T00:05:40.00,40.233715,-104.993949,1492.300048,3.704000,201.100006,7.000000,23.989990,20.869995,14384,11927,10175
2017-05-15T00:05:41.00,40.233699,-104.993965,1493.300048,6.111600,199.800003,8.000000,23.989990,20.209991,14265,11915,10066
2017-05-15T00:05:42.00,40.233688,-104.993972,1493.500000,6.667200,206.500000,8.000000,23.989990,20.230010,13961,11667,9938
2017-05-15T00:05:43.00,40.233676,-104.993988,1493.699951,5.926400,218.100006,7.000000,23.970001,19.869995,13792,11483,9867
2017-05-15T00:05:44.00,40.233661,-104.993995,1493.900024,6.111600,219.600006,8.000000,23.989990,20.329986,13496,11140,9645
2017-05-15T00:05:45.00,40.233650,-104.994003,1494.599975,5.926400,207.800003,8.000000,23.970001,20.329986,13460,11109,9623
2017-05-15T00:05:46.00,40.233634,-104.994010,1494.699951,6.296800,191.899993,8.000000,23.970001,20.250000,13622,11271,9715
2017-05-15T00:05:47.00,40.233623,-104.994010,1494.800048,5.926400,181.600006,7.000000,23.950012,19.869995,13674,11355,9749
2017-05-15T00:05:48.00,40.233608,-104.994010,1495.500000,5.741200,177.600006,8.000000,23.950012,20.130004,13643,11392,9711
2017-05-15T00:05:49.00,40.233589,-104.994010,1496.099975,6.296800,180.300003,8.000000,23.950012,20.109985,13604,11248,9640
2017-05-15T00:05:50.00,40.233573,-104.994003,1496.699951,6.667200,174.500000,8.000000,23.950012,20.170013,13477,11220,9619
2017-05-15T00:05:51.00,40.233562,-104.994003,1496.800048,6.852400,165.500000,8.000000,23.950012,19.709991,13484,11417,9793
2017-05-15T00:05:52.00,40.233551,-104.994003,1496.800048,5.741200,163.500000,8.000000,23.950012,19.869995,13541,11581,9928
2017-05-15T00:05:53.00,40.233547,-104.993995,1497.000000,3.889200,163.699996,8.000000,23.950012,19.790008,13499,11514,9835
2017-05-15T00:05:54.00,40.233543,-104.993988,1497.099975,2.222400,158.600006,8.000000,23.950012,19.390014,13464,11346,9711
2017-05-15T00:05:55.00,40.233543,-104.993988,1497.300048,1.666800,129.899993,8.000000,23.950012,19.790008,13463,11248,9632
2017-05-15T00:05:56.00,40.233543,-104.993972,1497.400024,2.592800,107.500000,8.000000,23.929992,19.209991,13531,11237,9648
2017-05-15T00:05:57.00,40.233543,-104.993965,1497.599975,3.148400,94.400001,8.000000,23.929992,19.850006,13479,11215,9669
2017-05-15T00:05:58.00,40.233551,-104.993957,1497.900024,2.963200,86.300003,8.000000,23.970001,19.390014,13470,11142,9610
2017-05-15T00:05:59.00,40.233562,-104.993957,1498.099975,3.148400,50.500000,8.000000,23.929992,20.049987,13743,11375,9727
2017-05-15T00:06:00.00,40.233581,-104.993965,1499.099975,5.000400,3.300000,8.000000,23.950012,20.269989,13809,11406,9754
2017-05-15T00:06:01.00,40.233600,-104.993972,1499.900024,7.408000,350.200012,8.000000,23.929992,20.209991,13872,11444,9766
2017-05-15T00:06:02.00,40.233623,-104.993972,1500.699951,9.074800,348.399993,8.000000,23.929992,20.470001,14129,11650,9901
2017-05-15T00:06:03.00,40.233646,-104.993972,1501.400024,9.445200,355.200012,8.000000,23.929992,20.630004,14223,11760,9996
2017-05-15T00:06:04.00,40.233665,-104.993980,1502.099975,9.074800,2.100000,8.000000,23.929992,20.829986,14339,11865,10068
2017-05-15T00:06:05.00,40.233684,-104.993980,1502.800048,7.963600,359.000000,8.000000,23.929992,20.470001,14419,11938,10108
2017-05-15T00:06:06.00,40.233699,-104.993980,1502.900024,7.037600,358.299987,8.000000,23.910003,20.690002,14386,11872,10072
2017-05-15T00:06:07.00,40.233715,-104.993980,1503.099975,6.111600,355.799987,8.000000,23.910003,20.529998,14233,11791,10004
2017-05-15T00:06:08.00,40.233730,-104.993980,1503.300048,5.556000,354.799987,8.000000,23.869995,20.390014,14082,11820,9997
2017-05-15T00:06:09.00,40.233749,-104.993980,1504.099975,5.926400,359.000000,8.000000,23.890014,20.190002,13977,11671,9837
2017-05-15T00:06:10.00,40.233768,-104.993965,1504.699951,6.482000,12.200000,8.000000,23.890014,19.829986,13496,11140,9524
2017-05-15T00:06:11.00,40.233783,-104.993949,1505.400024,8.704401,24.100000,7.000000,23.869995,19.489990,13222,10842,9408
2017-05-15T00:06:12.00,40.233798,-104.993927,1506.000000,9.074800,42.700000,8.000000,23.850006,20.510009,13532,11125,9547
2017-05-15T00:06:13.00,40.233810,-104.993904,1506.699951,8.704401,52.500000,8.000000,23.869995,20.350006,13693,11399,9736
2017-05-15T00:06:14.00,40.233814,-104.993888,1506.900024,7.593200,56.500000,7.000000,23.869995,20.089996,13645,11399,9758
2017-05-15T00:06:15.00,40.233810,-104.993881,1507.099975,5.370800,68.500000,8.000000,23.850006,20.170013,13493,11293,9658
2017-05-15T00:06:16.00,40.233795,-104.993888,1507.300048,2.222400,94.099998,8.000000,23.850006,20.109985,13522,11308,9696
2017-05-15T00:06:17.00,40.233779,-104.993904,1508.000000,6.482000,190.500000,8.000000,23.829986,20.070007,13800,11474,9794
2017-05-15T00:06:18.00,40.233753,-104.993927,1508.699951,8.889600,209.600006,8.000000,23.850006,20.390014,14163,11709,9919
2017-05-15T00:06:14.00,40.233730,-104.993949,1509.300048,12.038001,216.899993,8.000000,23.809997,20.570007,14277,11930,10031
2017-05-15T00:06:15.00,40.233707,-104.993980,1509.800048,12.593601,220.899993,8.000000,23.829986,20.829986,14121,11790,9926
2017-05-15T00:06:16.00,40.233684,-104.994003,1510.199951,12.038001,220.600006,8.000000,23.809997,20.170013,13636,11105,9576
2017-05-15T00:06:17.00,40.233661,-104.994018,1510.599975,11.297200,216.100006,8.000000,23.790008,19.869995,13046,10752,9298
2017-05-15T00:06:18.00,40.233642,-104.994033,1510.900024,10.926801,211.800003,8.000000,23.809997,20.049987,13068,10838,9340
2017-05-15T00:06:19.00,40.233623,-104.994049,1511.199951,10.000801,211.600006,8.000000,23.809997,20.089996,13400,11311,9577
2017-05-15T00:06:20.00,40.233612,-104.994064,1511.199951,8.334001,214.699996,8.000000,23.790008,20.369995,13428,11414,9731
2017-05-15T00:06:21.00,40.233604,-104.994071,1511.199951,5.926400,219.300003,8.000000,23.809997,19.989990,13205,11116,9489
2017-05-15T00:06:22.00,40.233600,-104.994064,1511.300048,2.963200,204.100006,8.000000,23.809997,19.869995,13224,11040,9458
2017-05-15T00:06:23.00,40.233592,-104.994049,1511.300048,2.963200,158.500000,8.000000,23.809997,19.829986,13455,11183,9577
2017-05-15T00:06:24.00,40.233585,-104.994033,1511.300048,5.000400,123.599998,8.000000,23.829986,19.529998,13358,11091,9522
2017-05-15T00:06:25.00,40.233570,-104.994018,1511.400024,6.111600,126.199996,7.000000,23.850006,19.609985,13062,10863,9216
2017-05-15T00:06:26.00,40.233547,-104.994018,1511.500000,6.296800,150.699996,7.000000,23.829986,19.510009,12828,10894,9562
2017-05-15T00:06:27.00,40.233531,-104.994018,1511.699951,8.334001,172.899993,8.000000,23.809997,18.570007,13540,12472,10486
2017-05-15T00:06:28.00,40.233520,-104.994026,1511.699951,7.222800,187.800003,8.000000,23.809997,18.790008,14847,14158,11696
2017-05-15T00:06:29.00,40.233516,-104.994033,1511.800048,4.259600,209.100006,7.000000,23.829986,26.850006,18896,17449,14207
2017-05-15T00:06:30.00,40.233509,-104.994041,1511.800048,3.148400,217.600006,8.000000,23.809997,22.649993,16958,16352,13964
2017-05-15T00:06:31.00,40.233509,-104.994041,1511.800048,2.778000,205.699996,8.000000,23.809997,19.309997,14604,13672,11143
2017-05-15T00:06:32.00,40.233512,-104.994041,1511.900024,0.000000,205.699996,8.000000,23.809997,18.369995,13578,12230,10358
2017-05-15T00:06:33.00,40.233516,-104.994041,1512.000000,2.037200,218.199996,7.000000,23.809997,18.489990,13166,11388,9878
2017-05-15T00:06:34.00,40.233516,-104.994041,1512.000000,1.852000,238.899993,8.000000,23.829986,19.049987,12701,10763,9352
2017-05-15T00:06:35.00,40.233516,-104.994041,1512.000000,0.000000,238.899993,7.000000,23.809997,19.450012,12615,10527,9163
2017-05-15T00:06:36.00,40.233516,-104.994041,1512.000000,0.000000,238.899993,8.000000,23.809997,19.410003,12573,10428,9071
2017-05-15T00:06:37.00,40.233516,-104.994041,1512.000000,0.000000,238.899993,8.000000,23.809997,20.209991,12495,10190,8899
2017-05-15T00:06:38.00,40.233516,-104.994041,1512.000000,0.000000,238.899993,8.000000,23.790008,20.690002,11564,8535,8027
2017-05-15T00:06:39.00,40.233520,-104.994041,1512.099975,0.000000,238.899993,8.000000,23.790008,20.730010,4685,3467,3361
2017-05-15T00:06:40.00,40.233520,-104.994041,1512.099975,0.370400,238.899993,8.000000,23.769989,20.890014,4637,3434,3337
2017-05-15T00:06:41.00,40.233520,-104.994041,1512.099975,0.000000,238.899993,8.000000,23.750000,20.549987,4618,3412,3319
2017-05-15T00:06:42.00,40.233520,-104.994041,1512.099975,0.000000,238.899993,8.000000,23.750000,20.630004,4596,3403,3303
2017-05-15T00:06:43.00,40.233520,-104.994041,1512.199951,0.000000,238.899993,8.000000,23.730010,20.489990,4558,3366,3275
2017-05-15T00:06:44.00,40.233520,-104.994041,1512.199951,0.000000,238.899993,8.000000,23.750000,21.470001,4541,3356,3265
2017-05-15T00:06:45.00,40.233520,-104.994041,1512.199951,0.000000,238.899993,8.000000,23.709991,21.070007,4495,3327,3248
2017-05-15T00:06:46.00,40.233520,-104.994041,1512.199951,0.000000,238.899993,8.000000,23.730010,21.089996,4372,3237,3176
2017-05-15T00:06:47.00,40.233520,-104.994041,1512.199951,0.000000,238.899993,8.000000,23.730010,21.010009,4094,3023,2940
2017-05-15T00:06:48.00,40.233520,-104.994041,1512.199951,0.000000,238.899993,8.000000,23.670013,20.809997,3922,2885,2823
2017-05-15T00:06:49.00,40.233520,-104.994041,1512.199951,0.000000,238.899993,7.000000,23.709991,20.730010,3656,2497,2576
2017-05-15T00:06:50.00,40.233520,-104.994041,1512.199951,0.000000,238.899993,8.000000,23.709991,20.869995,3112,2226,2240
2017-05-15T00:06:51.00,40.233520,-104.994041,1512.199951,0.000000,238.899993,6.000000,23.709991,20.709991,6541,4350,3431
2017-05-15T00:06:52.00,40.233520,-104.994041,1512.199951,0.000000,238.899993,6.000000,23.690002,20.730010,10953,8518,8223
2017-05-15T00:06:53.00,40.233520,-104.994049,1512.199951,0.000000,238.899993,6.000000,23.670013,19.190002,12168,10439,9431
2017-05-15T00:06:54.00,40.233520,-104.994049,1512.199951,0.370400,238.899993,7.000000,23.690002,19.410003,13613,13214,11162
2017-05-15T00:06:55.00,40.233524,-104.994056,1512.300048,0.000000,238.899993,7.000000,23.670013,26.350006,15612,14704,12417
2017-05-15T00:06:56.00,40.233528,-104.994064,1512.400024,2.778000,278.299987,7.000000,23.670013,28.329986,16820,15257,13106
2017-05-15T00:06:57.00,40.233531,-104.994079,1512.500000,2.963200,293.299987,7.000000,23.709991,26.709991,15768,14457,12609
2017-05-15T00:06:58.00,40.233539,-104.994087,1512.599975,3.889200,309.899993,7.000000,23.709991,27.529998,16559,14898,12950
2017-05-15T00:06:59.00,40.233547,-104.994094,1512.699951,4.259600,316.500000,7.000000,23.709991,28.529998,16360,15156,12921
2017-05-15T00:07:00.00,40.233554,-104.994110,1512.800048,4.630000,313.299987,7.000000,23.709991,22.809997,15978,14819,12475
2017-05-15T00:07:01.00,40.233566,-104.994117,1513.000000,4.815200,319.100006,8.000000,23.730010,28.350006,17491,16313,13683
2017-05-15T00:07:02.00,40.233573,-104.994125,1513.199951,4.444800,319.100006,8.000000,23.750000,28.929992,18897,17583,14610
2017-05-15T00:07:03.00,40.233581,-104.994132,1513.300048,4.259600,320.200012,8.000000,23.750000,28.850006,19177,18253,15471
2017-05-15T00:07:04.00,40.233592,-104.994148,1513.500000,4.630000,321.299987,8.000000,23.750000,29.070007,19375,18653,15671
2017-05-15T00:07:05.00,40.233592,-104.994148,1513.500000,4.444800,318.899993,7.000000,23.769989,28.510009,20205,20446,16163
2017-05-15T00:07:06.00,40.233600,-104.994155,1513.500000,0.000000,318.899993,7.000000,23.790008,29.049987,20130,19209,15966
2017-05-15T00:07:07.00,40.233612,-104.994163,1513.699951,4.444800,328.399993,8.000000,23.809997,28.790008,20111,19867,16239
2017-05-15T00:07:08.00,40.233619,-104.994163,1513.800048,3.889200,337.700012,8.000000,23.790008,28.929992,19746,19093,15727
2017-05-15T00:07:09.00,40.233631,-104.994171,1513.800048,2.963200,344.100006,8.000000,23.809997,28.850006,19736,19418,15654
2017-05-15T00:07:10.00,40.233638,-104.994171,1513.900024,4.074400,339.100006,8.000000,23.809997,28.429992,19373,18659,15523
2017-05-15T00:07:11.00,40.233650,-104.994178,1514.099975,3.518800,337.799987,8.000000,23.829986,28.489990,19704,18872,15642
2017-05-15T00:07:12.00,40.233657,-104.994178,1514.199951,3.889200,350.200012,8.000000,23.829986,28.790008,19398,18860,15565
2017-05-15T00:07:13.00,40.233669,-104.994186,1514.300048,4.444800,341.399993,8.000000,23.829986,28.769989,19679,18808,15359
2017-05-15T00:07:14.00,40.233680,-104.994186,1514.400024,4.444800,343.600006,8.000000,23.850006,28.450012,19136,18325,15347
2017-05-15T00:07:15.00,40.233692,-104.994194,1514.400024,4.259600,346.500000,7.000000,23.850006,28.450012,19208,18471,15085
2017-05-15T00:07:16.00,40.233703,-104.994194,1514.400024,4.259600,353.899993,7.000000,23.869995,28.070007,19084,17807,15004
2017-05-15T00:07:17.00,40.233715,-104.994194,1514.500000,4.815200,3.500000,8.000000,23.890014,28.429992,18711,17870,14682
2017-05-15T00:07:18.00,40.233726,-104.994186,1514.500000,4.815200,2.400000,7.000000,23.910003,27.250000,17872,17115,14311
2017-05-15T00:07:19.00,40.233741,-104.994186,1514.500000,4.630000,5.700000,7.000000,23.890014,28.089996,18026,16766,13932
2017-05-15T00:07:20.00,40.233753,-104.994186,1514.500000,4.259600,13.700000,7.000000,23.929992,28.529998,17990,17388,14256
2017-05-15T00:07:21.00,40.233764,-104.994194,1514.599975,4.815200,357.399993,8.000000,23.929992,28.489990,18219,16914,14146
2017-05-15T00:07:22.00,40.233776,-104.994186,1514.599975,4.815200,355.600006,8.000000,23.910003,27.750000,17902,16869,14196
2017-05-15T00:07:23.00,40.233787,-104.994186,1514.599975,4.630000,3.200000,7.000000,23.950012,27.850006,17397,16283,13656
2017-05-15T00:07:24.00,40.233798,-104.994186,1514.599975,4.630000,6.500000,8.000000,23.950012,27.510009,16640,15388,13112
2017-05-15T00:07:25.00,40.233810,-104.994178,1514.699951,4.815200,14.400000,8.000000,23.950012,27.489990,16433,15335,12798
2017-05-15T00:07:26.00,40.233821,-104.994178,1514.699951,4.630000,15.300001,8.000000,23.929992,27.369995,16328,14922,12702
2017-05-15T00:07:27.00,40.233833,-104.994171,1514.800048,4.815200,16.399999,8.000000,23.970001,22.790008,15744,14032,12284
2017-05-15T00:07:28.00,40.233848,-104.994171,1515.099975,4.630000,16.200000,8.000000,23.950012,19.570007,14623,13475,11416
2017-05-15T00:07:29.00,40.233860,-104.994163,1515.099975,6.482000,11.100001,8.000000,23.989990,19.410003,14271,12660,11130
2017-05-15T00:07:30.00,40.233871,-104.994155,1515.199951,4.444800,17.899999,7.000000,23.970001,24.549987,14927,13460,11756
2017-05-15T00:07:31.00,40.233886,-104.994148,1515.300048,5.000400,21.299999,8.000000,23.970001,27.790008,16130,14578,12720
2017-05-15T00:07:32.00,40.233898,-104.994148,1515.400024,5.000400,25.600000,8.000000,23.970001,27.769989,16556,15872,13316
2017-05-15T00:07:33.00,40.233909,-104.994140,1515.300048,4.630000,20.399999,7.000000,23.970001,28.389984,17093,16511,13687
2017-05-15T00:07:34.00,40.233917,-104.994132,1515.300048,4.630000,22.299999,7.000000,23.989990,28.589996,16669,16034,13426
2017-05-15T00:07:35.00,40.233932,-104.994132,1515.400024,4.630000,15.300001,7.000000,23.970001,28.570007,16263,16064,13749
2017-05-15T00:07:36.00,40.233943,-104.994132,1515.400024,5.370800,17.000000,7.000000,23.970001,28.029998,16260,15968,13393
2017-05-15T00:07:37.00,40.233959,-104.994132,1515.500000,5.185600,6.400000,8.000000,23.989990,28.570007,16466,16086,13068
2017-05-15T00:07:38.00,40.233959,-104.994132,1515.500000,5.370800,358.100006,6.000000,23.989990,28.869995,15495,14597,12349
2017-05-15T00:07:39.00,40.233966,-104.994148,1515.599975,0.000000,358.100006,7.000000,24.010009,28.489990,14067,13335,11216
2017-05-15T00:07:40.00,40.233978,-104.994155,1515.699951,5.185600,326.799987,7.000000,23.989990,26.489990,10939,11025,9312
2017-05-15T00:07:41.00,40.233978,-104.994155,1515.699951,4.815200,311.399993,7.000000,24.010009,23.850006,8078,8403,7179
2017-05-15T00:07:42.00,40.233978,-104.994155,1515.699951,0.000000,311.399993,8.000000,24.010009,21.510009,5834,6094,5298
2017-05-15T00:07:43.00,40.233985,-104.994163,1515.800048,0.000000,311.399993,8.000000,24.010009,22.350006,3192,3212,2949
2017-05-15T00:07:44.00,40.233985,-104.994163,1515.800048,3.889200,336.100006,8.000000,24.029998,21.769989,2962,3234,2882
2017-05-15T00:07:45.00,40.233993,-104.994163,1515.800048,0.000000,336.100006,4.000000,24.010009,21.950012,2908,3150,2787
2017-05-15T00:07:46.00,40.233993,-104.994163,1515.800048,2.963200,342.299987,5.000000,24.010009,22.029998,2934,3212,2853
