2017-05-15T00:15:34.00,40.233947,-104.994430,0.000000,0.000000,0.000000,0.000000,23.790008,29.230010,8287,8549,0
2017-05-15T00:15:35.00,40.233947,-104.994422,1576.300048,0.000000,0.000000,5.000000,23.769989,29.109985,8296,8610,6670
2017-05-15T00:15:36.00,40.233943,-104.994422,1575.500000,0.000000,0.000000,5.000000,23.769989,29.089996,8741,8979,6952
2017-05-15T00:15:37.00,40.233943,-104.994415,1574.800048,0.000000,0.000000,5.000000,23.790008,29.170013,8765,9040,7023
2017-05-15T00:15:38.00,40.233943,-104.994415,1574.199951,0.000000,0.000000,5.000000,23.769989,29.149993,8556,8865,6812
2017-05-15T00:15:39.00,40.233943,-104.994407,1573.500000,0.000000,0.000000,5.000000,23.769989,29.190002,8325,8659,6654
2017-05-15T00:15:40.00,40.233943,-104.994407,1572.900024,0.000000,0.000000,5.000000,23.769989,29.049987,8631,9110,6981
2017-05-15T00:15:41.00,40.233943,-104.994400,1572.300048,0.000000,0.000000,5.000000,23.769989,29.149993,9324,9598,7414
2017-05-15T00:15:42.00,40.233940,-104.994400,1571.699951,0.000000,0.000000,5.000000,23.750000,29.070007,9488,9779,7571
2017-05-15T00:15:43.00,40.233940,-104.994400,1571.099975,0.000000,0.000000,5.000000,23.769989,29.350006,9554,9859,7644
2017-05-15T00:15:44.00,40.233940,-104.994392,1570.500000,0.000000,0.000000,5.000000,23.750000,29.230010,9565,9875,7653
2017-05-15T00:15:45.00,40.233940,-104.994392,1570.000000,0.000000,0.000000,5.000000,23.709991,28.790008,10025,10336,7989
2017-05-15T00:15:46.00,40.233940,-104.994384,1569.400024,0.000000,0.000000,5.000000,23.690002,28.470001,10417,9855,8003
2017-05-15T00:15:47.00,40.233940,-104.994384,1568.900024,0.000000,0.000000,5.000000,23.670013,28.450012,9597,9865,7620
2017-05-15T00:15:48.00,40.233940,-104.994384,1568.400024,0.000000,0.000000,5.000000,23.630004,28.130004,9581,9854,7603
2017-05-15T00:15:49.00,40.233936,-104.994377,1568.000000,0.000000,0.000000,5.000000,23.630004,28.369995,9574,9838,7583
2017-05-15T00:15:50.00,40.233936,-104.994377,1567.599975,0.000000,0.000000,5.000000,23.630004,28.470001,9542,9823,7568
2017-05-15T00:15:51.00,40.233936,-104.994369,1567.199951,0.000000,0.000000,5.000000,23.630004,28.350006,9550,9811,7578
2017-05-15T00:15:52.00,40.233932,-104.994369,1566.800048,0.000000,0.000000,5.000000,23.609985,28.589996,10233,10155,7667
2017-05-15T00:15:53.00,40.233932,-104.994369,1566.300048,0.000000,0.000000,5.000000,23.589996,28.089996,12981,13380,10506
2017-05-15T00:15:54.00,40.233932,-104.994361,1565.800048,0.000000,0.000000,5.000000,23.570007,28.029998,13157,13354,10704
2017-05-15T00:15:55.00,40.233932,-104.994361,1565.400024,0.000000,0.000000,5.000000,23.529998,28.389984,12655,12234,9820
2017-05-15T00:15:56.00,40.233932,-104.994361,1564.900024,0.000000,0.000000,5.000000,23.489990,27.410003,11637,10252,8699
2017-05-15T00:15:57.00,40.233932,-104.994361,1564.500000,0.000000,0.000000,5.000000,23.489990,19.589996,9315,8519,7339
2017-05-15T00:15:58.00,40.233932,-104.994354,1564.099975,0.000000,0.000000,5.000000,23.510009,18.149993,8306,7377,6405
2017-05-15T00:15:59.00,40.233943,-104.994148,1528.599975,0.000000,0.000000,5.000000,23.489990,18.649993,8040,6926,5946
2017-05-15T00:16:00.00,40.233940,-104.994132,1527.800048,3.889200,90.199996,5.000000,23.450012,18.950012,8006,6787,5843
2017-05-15T00:16:01.00,40.233940,-104.994110,1526.599975,5.370800,90.199996,5.000000,23.470001,18.750000,7964,6573,5736
2017-05-15T00:16:02.00,40.233936,-104.994094,1526.500000,5.741200,91.099998,5.000000,23.470001,18.609985,7962,6514,5700
2017-05-15T00:16:03.00,40.233936,-104.994071,1526.500000,5.741200,90.199996,5.000000,23.450012,18.269989,7951,6458,5678
2017-05-15T00:16:04.00,40.233928,-104.994041,1527.099975,7.037600,89.800003,5.000000,23.410003,18.670013,8060,6551,5702
2017-05-15T00:16:05.00,40.233928,-104.994010,1527.699951,8.889600,92.500000,5.000000,23.429992,18.709991,8272,6781,5823
2017-05-15T00:16:06.00,40.233924,-104.993980,1528.099975,10.000801,87.300003,5.000000,23.390014,18.510009,8256,6723,5795
2017-05-15T00:16:07.00,40.233921,-104.993949,1529.000000,10.186000,87.300003,5.000000,23.369995,18.829986,8323,6795,5841
2017-05-15T00:16:08.00,40.233921,-104.993919,1529.599975,9.815601,88.699996,5.000000,23.390014,18.609985,8386,6839,5882
2017-05-15T00:16:09.00,40.233921,-104.993888,1530.099975,9.445200,84.699996,5.000000,23.390014,18.470001,8341,6782,5882
2017-05-15T00:16:10.00,40.233921,-104.993865,1530.099975,8.334001,79.800003,5.000000,23.369995,18.269989,8325,6708,5828
2017-05-15T00:16:11.00,40.233921,-104.993850,1530.199951,6.852400,88.400001,5.000000,23.369995,17.850006,8351,6736,5886
2017-05-15T00:16:12.00,40.233917,-104.993835,1530.199951,5.741200,94.599998,5.000000,23.329986,17.950012,8238,6623,5798
2017-05-15T00:16:13.00,40.233917,-104.993835,1530.199951,5.000400,100.599998,5.000000,23.329986,18.010009,8334,6827,5907
2017-05-15T00:16:14.00,40.233917,-104.993835,1530.199951,0.000000,100.599998,5.000000,23.329986,18.250000,8454,6931,6008
2017-05-15T00:16:15.00,40.233924,-104.993835,1530.199951,0.000000,100.599998,5.000000,23.309997,18.570007,8373,6799,5910
2017-05-15T00:16:16.00,40.233928,-104.993850,1530.199951,2.963200,91.000000,5.000000,23.309997,18.570007,8369,6818,5884
2017-05-15T00:16:17.00,40.233936,-104.993865,1530.199951,5.000400,49.400001,5.000000,23.309997,18.510009,8406,6895,5922
2017-05-15T00:16:18.00,40.233940,-104.993888,1530.099975,5.741200,291.299987,5.000000,23.309997,18.769989,8411,6854,5909
2017-05-15T00:16:19.00,40.233940,-104.993911,1530.199951,6.482000,281.899993,5.000000,23.290008,18.250000,8181,6689,5805
2017-05-15T00:16:20.00,40.233943,-104.993934,1530.199951,7.593200,273.799987,5.000000,23.290008,18.670013,8181,6649,5786
2017-05-15T00:16:21.00,40.233947,-104.993965,1530.199951,7.963600,279.799987,5.000000,23.290008,18.510009,8195,6689,5841
2017-05-15T00:16:22.00,40.233951,-104.993988,1530.199951,8.519200,282.799987,5.000000,23.290008,18.290008,8124,6586,5828
2017-05-15T00:16:23.00,40.233955,-104.994010,1530.099975,8.889600,282.600006,5.000000,23.269989,18.369995,8076,6581,5825
2017-05-15T00:16:24.00,40.233963,-104.994033,1529.900024,7.593200,281.100006,5.000000,23.250000,18.049987,8029,6718,5887
2017-05-15T00:16:25.00,40.233966,-104.994049,1529.800048,6.296800,284.700012,5.000000,23.269989,17.950012,8451,7354,6248
2017-05-15T00:16:26.00,40.233974,-104.994064,1529.599975,5.185600,295.500000,5.000000,23.269989,24.109985,11085,9969,8824
2017-05-15T00:16:27.00,40.233982,-104.994079,1529.400024,5.000400,300.899993,5.000000,23.269989,27.850006,12020,11425,9222
2017-05-15T00:16:28.00,40.233993,-104.994094,1529.300048,5.741200,307.500000,5.000000,23.269989,21.970001,10416,9458,8033
2017-05-15T00:16:29.00,40.234001,-104.994110,1529.199951,5.926400,306.500000,5.000000,23.250000,19.190002,9709,8978,7567
2017-05-15T00:16:30.00,40.234001,-104.994117,1529.099975,4.630000,307.500000,5.000000,23.230010,23.890014,10136,9180,7720
2017-05-15T00:16:31.00,40.234001,-104.994117,1529.099975,2.407600,288.000000,5.000000,23.230010,26.829986,10346,9417,7932
2017-05-15T00:16:32.00,40.234001,-104.994117,1529.099975,0.000000,288.000000,5.000000,23.230010,26.929992,10391,9446,7989
2017-05-15T00:16:33.00,40.234001,-104.994117,1529.099975,0.000000,288.000000,5.000000,23.190002,27.170013,10731,9797,8308
2017-05-15T00:16:34.00,40.234001,-104.994117,1529.099975,0.000000,288.000000,5.000000,23.190002,27.989990,11389,10691,8831
2017-05-15T00:16:35.00,40.234001,-104.994117,1529.099975,0.000000,288.000000,5.000000,23.170013,27.829986,12181,11357,9341
2017-05-15T00:16:36.00,40.234004,-104.994102,1529.199951,0.000000,288.000000,5.000000,23.170013,27.410003,12159,11431,9441
2017-05-15T00:16:37.00,40.234008,-104.994094,1529.300048,3.518800,308.399993,5.000000,23.190002,27.570007,12270,11470,9543
2017-05-15T00:16:38.00,40.234016,-104.994087,1529.300048,3.148400,347.600006,5.000000,23.170013,27.769989,12470,11805,9696
2017-05-15T00:16:39.00,40.234020,-104.994087,1529.300048,3.518800,36.500000,5.000000,23.130004,27.869995,12601,12009,9799
2017-05-15T00:16:40.00,40.234024,-104.994079,1529.300048,2.963200,19.000000,5.000000,23.149993,25.309997,11816,10416,8876
2017-05-15T00:16:41.00,40.234020,-104.994071,1529.199951,2.222400,19.000000,5.000000,23.149993,17.649993,8101,6985,6192
2017-05-15T00:16:42.00,40.234004,-104.994071,1529.099975,2.592800,33.400001,5.000000,23.130004,18.130004,7933,6409,5738
2017-05-15T00:16:43.00,40.233985,-104.994064,1529.099975,6.111600,121.199996,5.000000,23.109985,17.929992,7843,6250,5585
2017-05-15T00:16:44.00,40.233966,-104.994056,1529.099975,6.667200,164.800003,5.000000,23.089996,18.489990,7887,6375,5574
2017-05-15T00:16:45.00,40.233943,-104.994049,1529.099975,7.408000,161.800003,5.000000,23.109985,18.690002,7897,6536,5574
2017-05-15T00:16:46.00,40.233924,-104.994033,1529.099975,9.074800,157.199996,5.000000,23.070007,19.489990,8194,6746,5697
2017-05-15T00:16:47.00,40.233913,-104.994018,1529.000000,8.148800,150.199996,5.000000,23.049987,19.510009,8252,6822,5753
2017-05-15T00:16:48.00,40.233905,-104.994010,1529.000000,6.111600,141.100006,5.000000,23.049987,18.809997,8267,6841,5782
2017-05-15T00:16:49.00,40.233901,-104.993995,1529.000000,4.444800,126.599998,5.000000,23.029998,19.190002,8248,6804,5770
2017-05-15T00:16:50.00,40.233909,-104.993988,1528.900024,4.074400,104.599998,5.000000,23.029998,19.329986,8188,6677,5722
2017-05-15T00:16:51.00,40.233917,-104.993980,1528.900024,3.333600,63.200000,5.000000,22.989990,18.970001,8064,6521,5649
2017-05-15T00:16:52.00,40.233932,-104.993972,1528.900024,4.259600,24.299999,5.000000,22.970001,18.690002,7923,6423,5621
2017-05-15T00:16:53.00,40.233947,-104.993980,1528.900024,6.111600,17.200000,5.000000,22.950012,18.589996,7937,6375,5640
2017-05-15T00:16:54.00,40.233966,-104.993988,1529.000000,6.667200,354.000000,5.000000,22.950012,18.390014,8052,6623,5793
2017-05-15T00:16:55.00,40.233982,-104.993995,1529.099975,8.334001,330.299987,5.000000,22.910003,18.329986,7967,6641,5805
2017-05-15T00:16:56.00,40.233997,-104.993995,1529.199951,7.037600,346.399993,5.000000,22.929992,18.269989,8053,6921,5993
2017-05-15T00:16:57.00,40.233997,-104.993995,1529.199951,6.111600,348.700012,5.000000,22.929992,18.250000,8907,7727,6555
2017-05-15T00:16:58.00,40.233997,-104.993995,1529.199951,0.000000,348.700012,5.000000,22.910003,24.049987,10399,9120,7557
2017-05-15T00:16:59.00,40.233997,-104.993995,1529.300048,0.000000,348.700012,5.000000,22.910003,27.389984,11077,9971,8276
2017-05-15T00:17:00.00,40.234004,-104.994003,1529.400024,0.000000,348.700012,5.000000,22.869995,27.609985,10715,9615,7999
2017-05-15T00:17:01.00,40.234008,-104.994003,1529.900024,3.704000,343.399993,6.000000,22.869995,27.790008,10706,9596,8016
2017-05-15T00:17:02.00,40.234016,-104.993995,1530.000000,2.037200,356.399993,6.000000,22.910003,27.709991,11079,9909,8227
2017-05-15T00:17:03.00,40.234020,-104.993980,1530.000000,2.778000,40.900001,6.000000,22.869995,27.529998,11093,9952,8290
2017-05-15T00:17:04.00,40.234024,-104.993965,1530.099975,5.185600,69.699996,6.000000,22.890014,27.809997,11104,10068,8372
2017-05-15T00:17:05.00,40.234027,-104.993949,1530.000000,5.000400,76.199996,6.000000,22.869995,27.670013,11691,10646,8769
2017-05-15T00:17:06.00,40.234024,-104.993934,1530.000000,4.444800,77.500000,6.000000,22.890014,18.950012,10026,8312,7265
2017-05-15T00:17:07.00,40.234016,-104.993927,1529.800048,3.704000,100.900001,7.000000,22.890014,17.790008,8136,6855,5854
2017-05-15T00:17:08.00,40.234001,-104.993911,1529.400024,5.370800,147.800003,7.000000,22.850006,17.829986,8139,6681,5758
2017-05-15T00:17:09.00,40.233982,-104.993904,1529.099975,7.222800,157.699996,7.000000,22.829986,18.190002,8293,6696,5763
2017-05-15T00:17:10.00,40.233963,-104.993888,1528.800048,8.704401,162.000000,7.000000,22.829986,18.269989,8245,6634,5755
2017-05-15T00:17:11.00,40.233943,-104.993881,1528.699951,9.445200,163.800003,7.000000,22.829986,17.869995,8231,6526,5758
2017-05-15T00:17:12.00,40.233921,-104.993873,1528.599975,9.630400,165.600006,7.000000,22.809997,17.850006,8147,6459,5706
2017-05-15T00:17:13.00,40.233905,-104.993865,1528.699951,8.889600,166.899993,7.000000,22.790008,17.950012,8052,6403,5661
2017-05-15T00:17:14.00,40.233894,-104.993858,1528.699951,7.408000,165.600006,7.000000,22.790008,18.089996,8060,6394,5647
2017-05-15T00:17:15.00,40.233886,-104.993850,1528.699951,5.185600,161.300003,7.000000,22.790008,18.190002,8150,6446,5720
2017-05-15T00:17:16.00,40.233894,-104.993843,1528.699951,2.592800,139.399993,7.000000,22.769989,18.350006,8169,6441,5721
2017-05-15T00:17:17.00,40.233905,-104.993835,1528.699951,3.148400,81.900001,7.000000,22.709991,18.649993,8103,6414,5686
2017-05-15T00:17:18.00,40.233924,-104.993827,1528.599975,5.741200,29.000000,7.000000,22.709991,18.350006,8141,6493,5724
2017-05-15T00:17:19.00,40.233951,-104.993827,1528.500000,8.148800,7.800000,7.000000,22.709991,18.190002,7949,6438,5638
2017-05-15T00:17:20.00,40.233978,-104.993827,1528.599975,10.926801,359.600006,7.000000,22.690002,18.029998,7891,6498,5613
2017-05-15T00:17:21.00,40.233997,-104.993835,1528.699951,9.074800,356.700012,7.000000,22.690002,18.450012,7750,6484,5598
2017-05-15T00:17:22.00,40.234012,-104.993835,1528.699951,7.408000,351.700012,7.000000,22.670013,18.750000,8381,7279,6602
2017-05-15T00:17:23.00,40.234024,-104.993835,1528.800048,6.111600,349.799987,7.000000,22.649993,26.350006,11560,11080,9034
2017-05-15T00:17:24.00,40.234039,-104.993835,1528.800048,5.370800,353.299987,7.000000,22.649993,27.809997,11193,10606,8844
2017-05-15T00:17:25.00,40.234046,-104.993835,1528.800048,4.630000,4.700000,7.000000,22.649993,22.070007,9886,9320,7705
2017-05-15T00:17:26.00,40.234058,-104.993827,1528.699951,4.444800,11.000000,7.000000,22.649993,26.450012,10497,9701,8221
2017-05-15T00:17:27.00,40.234058,-104.993820,1528.699951,3.148400,25.700000,7.000000,22.649993,27.850006,11958,11151,9369
2017-05-15T00:17:28.00,40.234054,-104.993820,1528.699951,1.852000,58.500000,7.000000,22.630004,27.850006,12425,11951,9801
2017-05-15T00:17:29.00,40.234054,-104.993812,1528.599975,1.852000,58.500000,7.000000,22.609985,27.510009,12386,11937,9839
2017-05-15T00:17:30.00,40.234054,-104.993812,1528.599975,1.666800,83.599998,7.000000,22.609985,27.570007,11808,11210,9281
2017-05-15T00:17:31.00,40.234054,-104.993812,1528.599975,0.000000,83.599998,7.000000,22.609985,27.609985,11759,10908,9049
2017-05-15T00:17:32.00,40.234054,-104.993812,1528.500000,0.555600,83.599998,7.000000,22.609985,27.709991,11764,10915,9018
2017-05-15T00:17:33.00,40.234054,-104.993797,1528.400024,1.296400,83.599998,7.000000,22.609985,27.889984,11659,10864,8967
2017-05-15T00:17:34.00,40.234054,-104.993789,1528.300048,2.963200,94.500000,7.000000,22.609985,27.570007,11783,11051,9075
2017-05-15T00:17:35.00,40.234050,-104.993782,1528.199951,3.333600,92.500000,7.000000,22.609985,27.250000,11688,10834,9059
2017-05-15T00:17:36.00,40.234043,-104.993774,1528.199951,2.778000,112.800003,7.000000,22.609985,20.010009,9816,9116,7848
2017-05-15T00:17:37.00,40.234035,-104.993766,1528.099975,3.148400,146.000000,7.000000,22.609985,18.070007,8350,7469,6197
2017-05-15T00:17:38.00,40.234024,-104.993759,1528.099975,3.889200,157.399993,7.000000,22.609985,17.809997,8020,6847,5813
2017-05-15T00:17:39.00,40.234012,-104.993759,1528.099975,4.815200,164.600006,7.000000,22.609985,18.010009,8004,6606,5694
2017-05-15T00:17:40.00,40.233997,-104.993751,1528.000000,5.370800,167.199996,7.000000,22.630004,18.369995,8011,6575,5666
2017-05-15T00:17:41.00,40.233982,-104.993743,1527.900024,5.926400,167.199996,7.000000,22.589996,17.950012,7938,6469,5617
2017-05-15T00:17:42.00,40.233966,-104.993736,1527.699951,6.296800,167.100006,7.000000,22.609985,18.450012,8062,6541,5683
2017-05-15T00:17:43.00,40.233947,-104.993728,1527.599975,6.852400,167.300003,7.000000,22.570007,18.329986,8167,6581,5725
2017-05-15T00:17:44.00,40.233928,-104.993721,1527.500000,7.593200,164.899993,7.000000,22.549987,17.869995,8252,6686,5791
2017-05-15T00:17:45.00,40.233909,-104.993713,1527.400024,8.334001,164.199996,7.000000,22.570007,18.290008,8660,7062,6019
2017-05-15T00:17:46.00,40.233898,-104.993705,1527.300048,7.778400,165.500000,7.000000,22.549987,17.929992,8661,7104,6061
2017-05-15T00:17:47.00,40.233890,-104.993698,1527.400024,5.556000,157.399993,7.000000,22.529998,17.869995,8629,7031,6007
2017-05-15T00:17:48.00,40.233890,-104.993698,1527.400024,3.333600,134.500000,7.000000,22.570007,17.950012,8405,6804,5858
2017-05-15T00:17:49.00,40.233901,-104.993698,1527.400024,0.740800,134.500000,7.000000,22.529998,18.209991,8078,6409,5643
2017-05-15T00:17:50.00,40.233924,-104.993698,1527.400024,4.630000,108.500000,7.000000,22.510009,18.190002,7918,6445,5571
2017-05-15T00:17:51.00,40.233947,-104.993690,1527.300048,8.334001,38.000000,7.000000,22.510009,18.149993,7926,6457,5590
2017-05-15T00:17:52.00,40.233970,-104.993690,1527.300048,9.630400,6.300000,7.000000,22.510009,17.950012,7768,6429,5555
2017-05-15T00:17:53.00,40.233993,-104.993690,1527.199951,8.334001,3.600000,7.000000,22.489990,24.470001,10607,9181,8514
2017-05-15T00:17:54.00,40.234016,-104.993690,1527.099975,8.519200,354.799987,7.000000,22.489990,28.149993,11194,10416,8369
2017-05-15T00:17:55.00,40.234031,-104.993698,1527.199951,8.704401,355.600006,6.000000,22.489990,20.130004,9771,8835,7391
2017-05-15T00:17:56.00,40.234043,-104.993698,1527.199951,6.296800,355.399993,7.000000,22.470001,24.309997,9836,8858,7444
2017-05-15T00:17:57.00,40.234043,-104.993698,1527.199951,3.148400,5.100000,7.000000,22.489990,27.470001,10507,9293,7827
2017-05-15T00:17:58.00,40.234043,-104.993698,1527.199951,0.000000,5.100000,7.000000,22.470001,27.549987,10619,9600,8055
2017-05-15T00:17:59.00,40.234043,-104.993698,1527.199951,0.000000,5.100000,7.000000,22.489990,27.790008,10651,9780,8199
2017-05-15T00:18:00.00,40.234043,-104.993690,1527.199951,0.000000,5.100000,7.000000,22.489990,27.790008,10768,9995,8325
2017-05-15T00:18:01.00,40.234043,-104.993690,1527.199951,0.000000,5.100000,7.000000,22.489990,28.130004,11109,10270,8563
2017-05-15T00:18:02.00,40.234035,-104.993682,1527.099975,0.000000,5.100000,7.000000,22.489990,27.850006,11496,10560,8792
2017-05-15T00:18:03.00,40.234031,-104.993675,1527.000000,2.963200,24.299999,7.000000,22.470001,27.709991,11865,10969,9080
2017-05-15T00:18:04.00,40.234031,-104.993667,1527.000000,2.963200,53.599998,7.000000,22.489990,27.709991,12185,11426,9462
2017-05-15T00:18:05.00,40.234027,-104.993659,1526.900024,2.778000,130.899993,7.000000,22.489990,27.630004,11769,11008,8914
2017-05-15T00:18:06.00,40.234020,-104.993667,1526.800048,1.666800,144.199996,7.000000,22.470001,19.089996,9415,7861,6945
2017-05-15T00:18:07.00,40.234016,-104.993675,1526.800048,1.666800,182.300003,7.000000,22.489990,18.049987,8103,6824,5846
2017-05-15T00:18:08.00,40.234004,-104.993682,1526.699951,3.518800,206.100006,7.000000,22.489990,18.429992,8026,6645,5701
2017-05-15T00:18:09.00,40.233993,-104.993690,1526.599975,4.815200,212.199996,7.000000,22.470001,17.929992,7877,6415,5532
2017-05-15T00:18:10.00,40.233978,-104.993705,1526.400024,5.926400,216.699996,7.000000,22.489990,18.230010,7882,6312,5550
2017-05-15T00:18:11.00,40.233966,-104.993721,1526.300048,7.593200,213.800003,7.000000,22.470001,18.089996,7975,6372,5607
2017-05-15T00:18:12.00,40.233951,-104.993728,1526.300048,7.408000,217.300003,7.000000,22.489990,18.750000,7988,6359,5618
2017-05-15T00:18:13.00,40.233947,-104.993736,1526.300048,5.926400,219.199996,6.000000,22.450012,19.070007,7973,6350,5610
2017-05-15T00:18:14.00,40.233947,-104.993736,1526.300048,3.333600,222.800003,7.000000,22.470001,18.730010,7967,6364,5595
2017-05-15T00:18:15.00,40.233947,-104.993728,1526.400024,0.000000,222.800003,7.000000,22.470001,18.970001,7986,6386,5599
2017-05-15T00:18:16.00,40.233951,-104.993721,1526.500000,2.407600,213.100006,7.000000,22.450012,18.309997,8017,6402,5614
2017-05-15T00:18:17.00,40.233951,-104.993698,1526.500000,4.259600,171.399993,7.000000,22.429992,18.269989,8059,6455,5640
2017-05-15T00:18:18.00,40.233955,-104.993682,1526.599975,5.370800,84.699996,7.000000,22.429992,18.369995,8009,6519,5659
2017-05-15T00:18:19.00,40.233966,-104.993659,1526.599975,6.482000,71.199996,7.000000,22.429992,18.410003,8080,6801,5830
2017-05-15T00:18:20.00,40.233978,-104.993637,1526.800048,7.593200,63.599998,7.000000,22.429992,19.149993,9889,8507,7834
2017-05-15T00:18:21.00,40.233985,-104.993621,1527.000000,7.408000,63.500000,7.000000,22.429992,28.149993,11654,10758,8813
2017-05-15T00:18:22.00,40.233993,-104.993598,1527.099975,7.037600,59.799999,7.000000,22.410003,22.470001,9958,8799,7520
2017-05-15T00:18:23.00,40.234004,-104.993591,1527.099975,6.296800,48.599998,7.000000,22.390014,17.989990,9002,8206,6871
2017-05-15T00:18:24.00,40.234008,-104.993591,1527.199951,4.444800,34.099998,7.000000,22.390014,23.769989,10135,9078,7529
2017-05-15T00:18:25.00,40.234008,-104.993591,1527.199951,2.222400,29.100000,7.000000,22.390014,27.649993,10806,9880,8306
2017-05-15T00:18:26.00,40.234008,-104.993591,1527.199951,0.000000,29.100000,7.000000,22.390014,27.790008,11209,10325,8716
2017-05-15T00:18:27.00,40.234008,-104.993591,1527.199951,0.000000,29.100000,7.000000,22.390014,27.850006,11810,11218,9264
2017-05-15T00:18:28.00,40.234004,-104.993591,1527.199951,0.000000,29.100000,7.000000,22.369995,28.149993,11943,11288,9361
2017-05-15T00:18:29.00,40.234001,-104.993576,1527.199951,1.296400,29.100000,7.000000,22.369995,28.290008,11782,10981,9169
2017-05-15T00:18:30.00,40.233993,-104.993568,1527.199951,3.889200,72.800003,7.000000,22.350006,28.049987,11232,10277,8623
2017-05-15T00:18:31.00,40.233985,-104.993560,1527.199951,4.074400,105.800003,7.000000,22.369995,28.170013,11343,10320,8603
2017-05-15T00:18:32.00,40.233974,-104.993553,1527.300048,4.630000,136.600006,6.000000,22.350006,27.769989,11494,10617,8469
2017-05-15T00:18:33.00,40.233963,-104.993553,1527.300048,4.444800,148.199996,7.000000,22.390014,17.950012,8779,7418,6444
2017-05-15T00:18:34.00,40.233947,-104.993553,1527.300048,4.815200,175.199996,6.000000,22.369995,17.910003,8255,6798,5883
2017-05-15T00:18:35.00,40.233936,-104.993568,1527.199951,6.296800,202.899993,6.000000,22.369995,18.070007,8177,6661,5789
2017-05-15T00:18:36.00,40.233928,-104.993591,1527.300048,6.667200,220.800003,7.000000,22.369995,18.089996,8254,6716,5797
2017-05-15T00:18:37.00,40.233924,-104.993606,1527.400024,5.741200,241.600006,8.000000,22.390014,17.950012,8200,6605,5755
2017-05-15T00:18:38.00,40.233924,-104.993629,1527.500000,5.926400,255.800003,8.000000,22.350006,17.589996,8258,6758,5818
2017-05-15T00:18:39.00,40.233917,-104.993644,1527.699951,6.111600,252.500000,8.000000,22.390014,17.850006,8513,7139,6013
2017-05-15T00:18:40.00,40.233913,-104.993667,1528.000000,6.296800,249.399993,8.000000,22.369995,19.130004,9258,7686,6345
2017-05-15T00:18:41.00,40.233905,-104.993690,1528.300048,7.408000,246.399993,8.000000,22.390014,18.429992,8816,7365,6208
2017-05-15T00:18:42.00,40.233898,-104.993721,1528.599975,8.519200,245.300003,8.000000,22.390014,18.230010,8314,6868,5803
2017-05-15T00:18:43.00,40.233894,-104.993743,1528.900024,9.074800,248.100006,8.000000,22.410003,18.670013,8211,6722,5728
2017-05-15T00:18:44.00,40.233886,-104.993766,1529.199951,8.519200,253.500000,8.000000,22.410003,18.390014,8097,6644,5675
2017-05-15T00:18:45.00,40.233879,-104.993789,1529.400024,7.408000,252.800003,8.000000,22.410003,18.850006,7982,6559,5607
2017-05-15T00:18:46.00,40.233871,-104.993797,1529.500000,6.667200,236.500000,8.000000,22.410003,18.869995,7926,6495,5567
2017-05-15T00:18:47.00,40.233863,-104.993804,1529.699951,5.556000,228.500000,8.000000,22.410003,18.549987,7897,6460,5542
2017-05-15T00:18:48.00,40.233860,-104.993797,1529.800048,2.592800,210.199996,8.000000,22.429992,18.950012,7950,6507,5585
2017-05-15T00:18:44.00,40.233856,-104.993782,1529.900024,2.222400,175.000000,8.000000,22.410003,18.769989,8148,6810,5731
2017-05-15T00:18:45.00,40.233852,-104.993751,1529.800048,4.815200,118.000000,8.000000,22.429992,19.790008,8667,7271,6033
2017-05-15T00:18:46.00,40.233848,-104.993721,1529.699951,8.334001,98.300003,8.000000,22.429992,19.130004,8837,7322,6106
2017-05-15T00:18:47.00,40.233840,-104.993690,1529.599975,9.815601,98.900001,8.000000,22.470001,18.570007,8613,7127,6017
2017-05-15T00:18:48.00,40.233833,-104.993659,1529.500000,10.741600,101.900001,8.000000,22.489990,18.230010,8237,6755,5734
2017-05-15T00:18:49.00,40.233825,-104.993629,1529.400024,9.815601,104.599998,8.000000,22.489990,18.369995,8053,6512,5637
2017-05-15T00:18:50.00,40.233821,-104.993606,1529.300048,8.334001,105.000000,8.000000,22.470001,18.390014,7906,6404,5562
2017-05-15T00:18:51.00,40.233825,-104.993583,1529.300048,6.852400,96.099998,8.000000,22.470001,18.470001,7872,6395,5544
2017-05-15T00:18:52.00,40.233829,-104.993568,1529.300048,5.741200,82.800003,8.000000,22.489990,19.029998,8084,6666,5682
2017-05-15T00:18:53.00,40.233833,-104.993545,1529.300048,5.556000,71.199996,8.000000,22.489990,19.410003,8187,6892,5886
2017-05-15T00:18:54.00,40.233833,-104.993530,1529.400024,6.111600,75.400001,8.000000,22.470001,19.429992,8336,7171,6207
2017-05-15T00:18:55.00,40.233833,-104.993515,1529.400024,5.556000,79.199996,8.000000,22.470001,19.510009,9445,8918,7338
2017-05-15T00:18:56.00,40.233837,-104.993492,1529.400024,5.370800,85.400001,8.000000,22.450012,27.570007,11154,9978,8328
2017-05-15T00:18:57.00,40.233837,-104.993476,1529.400024,5.556000,82.199996,8.000000,22.489990,21.130004,9684,8811,7486
2017-05-15T00:18:58.00,40.233840,-104.993461,1529.500000,5.556000,84.699996,8.000000,22.470001,18.570007,8705,7807,6427
2017-05-15T00:18:59.00,40.233848,-104.993446,1529.500000,4.815200,73.699996,8.000000,22.489990,18.549987,8406,7359,6130
2017-05-15T00:19:00.00,40.233856,-104.993438,1529.500000,3.889200,56.299999,8.000000,22.470001,18.649993,8528,7423,6160
2017-05-15T00:19:01.00,40.233860,-104.993438,1529.400024,3.333600,28.500000,8.000000,22.489990,18.570007,8326,7261,6068
2017-05-15T00:19:02.00,40.233852,-104.993438,1529.400024,1.296400,29.100000,8.000000,22.489990,18.709991,8420,7393,6183
2017-05-15T00:19:03.00,40.233848,-104.993438,1529.400024,1.852000,45.500000,8.000000,22.470001,18.410003,8447,7482,6341
2017-05-15T00:19:04.00,40.233840,-104.993438,1529.500000,2.407600,101.699996,8.000000,22.489990,18.609985,8398,7387,6170
2017-05-15T00:19:05.00,40.233833,-104.993438,1529.500000,2.222400,190.000000,8.000000,22.489990,18.049987,7951,6873,5769
2017-05-15T00:19:06.00,40.233825,-104.993438,1529.400024,2.778000,172.199996,8.000000,22.489990,18.170013,7896,6892,5811
2017-05-15T00:19:07.00,40.233810,-104.993431,1529.400024,4.259600,171.100006,8.000000,22.489990,18.609985,8081,7079,5926
2017-05-15T00:19:08.00,40.233798,-104.993431,1529.400024,4.815200,170.300003,8.000000,22.510009,18.750000,8206,7190,5975
2017-05-15T00:19:09.00,40.233779,-104.993423,1529.199951,5.556000,170.199996,8.000000,22.489990,18.649993,8282,7303,6156
2017-05-15T00:19:10.00,40.233764,-104.993423,1529.099975,7.037600,170.699996,8.000000,22.510009,18.670013,8557,7658,6452
2017-05-15T00:19:11.00,40.233753,-104.993431,1529.199951,6.667200,179.600006,8.000000,22.510009,18.709991,9400,9149,7349
2017-05-15T00:19:12.00,40.233753,-104.993438,1529.199951,3.704000,197.899993,8.000000,22.510009,27.429992,11878,10875,9056
2017-05-15T00:19:13.00,40.233764,-104.993453,1529.199951,2.963200,237.000000,8.000000,22.529998,19.769989,8580,7747,6674
2017-05-15T00:19:14.00,40.233772,-104.993476,1529.000000,6.111600,291.799987,8.000000,22.549987,19.429992,8344,7103,5949
2017-05-15T00:19:15.00,40.233779,-104.993499,1529.000000,7.778400,301.299987,8.000000,22.549987,18.950012,8068,6742,5686
2017-05-15T00:19:16.00,40.233776,-104.993515,1529.000000,7.037600,290.399993,8.000000,22.529998,18.630004,8030,6578,5685
2017-05-15T00:19:17.00,40.233768,-104.993530,1528.900024,5.926400,264.700012,8.000000,22.570007,18.290008,8019,6529,5675
2017-05-15T00:19:18.00,40.233757,-104.993553,1528.900024,6.667200,240.600006,8.000000,22.549987,17.910003,8114,6594,5738
2017-05-15T00:19:19.00,40.233753,-104.993576,1528.900024,7.408000,238.699996,8.000000,22.549987,18.209991,8193,6561,5747
2017-05-15T00:19:20.00,40.233753,-104.993598,1528.900024,7.408000,251.500000,8.000000,22.589996,18.309997,8328,6681,5815
2017-05-15T00:19:21.00,40.233757,-104.993621,1528.900024,7.222800,273.299987,8.000000,22.570007,18.589996,8292,6670,5806
2017-05-15T00:19:22.00,40.233757,-104.993644,1529.000000,7.408000,281.000000,8.000000,22.570007,18.589996,8430,6873,5898
2017-05-15T00:19:23.00,40.233753,-104.993667,1529.000000,7.408000,274.299987,8.000000,22.570007,18.450012,8273,6668,5767
2017-05-15T00:19:24.00,40.233749,-104.993698,1529.000000,7.778400,265.799987,8.000000,22.589996,18.309997,7963,6462,5616
2017-05-15T00:19:25.00,40.233741,-104.993721,1529.000000,8.519200,253.600006,8.000000,22.589996,18.369995,7914,6387,5578
2017-05-15T00:19:26.00,40.233737,-104.993736,1529.099975,8.334001,251.000000,8.000000,22.589996,18.369995,7905,6376,5570
2017-05-15T00:19:27.00,40.233734,-104.993743,1529.199951,5.556000,251.800003,8.000000,22.570007,17.929992,7948,6443,5597
2017-05-15T00:19:28.00,40.233726,-104.993736,1529.199951,2.222400,235.500000,8.000000,22.609985,18.429992,8114,6604,5690
2017-05-15T00:19:29.00,40.233715,-104.993728,1529.199951,3.518800,178.600006,8.000000,22.570007,18.750000,8089,6557,5672
2017-05-15T00:19:30.00,40.233703,-104.993705,1529.000000,5.741200,147.800003,8.000000,22.589996,18.630004,8036,6476,5643
2017-05-15T00:19:31.00,40.233692,-104.993690,1529.000000,6.667200,128.399993,8.000000,22.609985,19.029998,8066,6508,5658
2017-05-15T00:19:32.00,40.233680,-104.993675,1528.900024,6.296800,126.199996,8.000000,22.609985,18.750000,8008,6494,5650
2017-05-15T00:19:33.00,40.233669,-104.993652,1528.800048,7.222800,130.199996,8.000000,22.609985,19.690002,8264,6799,5798
2017-05-15T00:19:34.00,40.233657,-104.993637,1528.800048,7.778400,130.699996,7.000000,22.630004,19.170013,8098,6586,5677
2017-05-15T00:19:35.00,40.233642,-104.993614,1528.800048,7.778400,130.699996,7.000000,22.630004,18.630004,7794,6469,5555
2017-05-15T00:19:36.00,40.233634,-104.993591,1528.800048,7.593200,128.600006,7.000000,22.649993,18.750000,7741,6470,5548
2017-05-15T00:19:37.00,40.233623,-104.993583,1528.900024,7.037600,130.800003,7.000000,22.630004,18.209991,7711,6442,5531
2017-05-15T00:19:38.00,40.233612,-104.993568,1529.000000,5.926400,132.899993,8.000000,22.649993,18.730010,7698,6396,5520
2017-05-15T00:19:39.00,40.233608,-104.993568,1529.099975,4.259600,143.899993,8.000000,22.630004,18.970001,7660,6390,5512
2017-05-15T00:19:40.00,40.233604,-104.993560,1529.099975,2.778000,142.100006,8.000000,22.630004,18.890014,7706,6520,5614
2017-05-15T00:19:41.00,40.233600,-104.993553,1529.199951,1.852000,121.199996,8.000000,22.649993,18.549987,8415,7378,6210
2017-05-15T00:19:42.00,40.233596,-104.993537,1529.199951,2.778000,119.800003,8.000000,22.649993,24.470001,11027,9984,8804
2017-05-15T00:19:43.00,40.233589,-104.993530,1529.199951,3.704000,122.900001,8.000000,22.670013,27.429992,12281,11343,9516
2017-05-15T00:19:44.00,40.233581,-104.993522,1529.300048,3.518800,124.699996,7.000000,22.649993,27.029998,12261,11327,9477
2017-05-15T00:19:45.00,40.233577,-104.993515,1529.300048,2.963200,135.800003,8.000000,22.670013,26.989990,11128,10593,8969
2017-05-15T00:19:46.00,40.233570,-104.993515,1529.400024,2.778000,156.699996,7.000000,22.670013,20.329986,9935,9383,7964
2017-05-15T00:19:47.00,40.233570,-104.993507,1529.400024,2.407600,149.199996,8.000000,22.670013,18.630004,8957,8332,6792
2017-05-15T00:19:48.00,40.233570,-104.993507,1529.400024,1.852000,144.300003,8.000000,22.670013,18.149993,8178,7255,6118
2017-05-15T00:19:49.00,40.233566,-104.993499,1529.300048,0.000000,144.300003,8.000000,22.670013,18.089996,8170,7244,6135
2017-05-15T00:19:50.00,40.233562,-104.993499,1529.300048,2.222400,112.900001,8.000000,22.670013,18.149993,8382,7623,6406
2017-05-15T00:19:51.00,40.233558,-104.993507,1529.199951,1.481600,112.900001,8.000000,22.709991,18.429992,9690,8687,7188
2017-05-15T00:19:52.00,40.233558,-104.993515,1529.099975,1.666800,129.699996,8.000000,22.690002,26.869995,12009,10956,8924
2017-05-15T00:19:53.00,40.233558,-104.993522,1529.099975,2.592800,226.199996,8.000000,22.709991,25.470001,11322,10899,8480
2017-05-15T00:19:54.00,40.233558,-104.993537,1529.099975,3.518800,273.700012,8.000000,22.709991,19.149993,8167,6932,6043
2017-05-15T00:19:55.00,40.233566,-104.993553,1529.099975,5.000400,278.299987,7.000000,22.750000,18.570007,7795,6499,5619
2017-05-15T00:19:56.00,40.233577,-104.993576,1529.000000,5.741200,294.100006,8.000000,22.709991,18.290008,7706,6407,5527
2017-05-15T00:19:57.00,40.233592,-104.993591,1528.800048,6.852400,309.500000,8.000000,22.709991,18.510009,7702,6336,5463
2017-05-15T00:19:58.00,40.233604,-104.993614,1528.800048,8.148800,313.200012,8.000000,22.709991,18.390014,7802,6401,5511
2017-05-15T00:19:59.00,40.233619,-104.993644,1528.699951,9.260001,306.100006,8.000000,22.709991,18.369995,7914,6504,5581
2017-05-15T00:20:00.00,40.233634,-104.993667,1528.500000,10.000801,300.700012,8.000000,22.709991,18.709991,7931,6509,5622
2017-05-15T00:20:01.00,40.233646,-104.993698,1528.400024,10.000801,302.200012,8.000000,22.769989,19.170013,8082,6579,5684
2017-05-15T00:20:02.00,40.233650,-104.993713,1528.400024,9.445200,300.799987,8.000000,22.690002,18.869995,8048,6602,5666
2017-05-15T00:20:03.00,40.233650,-104.993728,1528.500000,6.111600,284.799987,8.000000,22.709991,18.549987,8154,6700,5746
2017-05-15T00:20:04.00,40.233650,-104.993736,1528.699951,3.889200,278.100006,8.000000,22.709991,19.290008,8141,6708,5737
2017-05-15T00:20:05.00,40.233642,-104.993751,1528.800048,3.148400,249.500000,8.000000,22.709991,18.929992,8045,6613,5679
2017-05-15T00:20:06.00,40.233634,-104.993766,1529.000000,4.074400,233.399993,8.000000,22.730010,18.470001,8016,6694,5708
2017-05-15T00:20:07.00,40.233631,-104.993782,1529.099975,5.000400,239.300003,8.000000,22.769989,18.250000,7905,6497,5599
2017-05-15T00:20:08.00,40.233627,-104.993789,1529.199951,5.370800,243.600006,8.000000,22.750000,18.350006,7865,6487,5587
2017-05-15T00:20:09.00,40.233623,-104.993797,1529.300048,3.148400,250.300003,8.000000,22.709991,18.250000,7825,6458,5561
2017-05-15T00:20:10.00,40.233619,-104.993804,1529.400024,3.148400,234.699996,8.000000,22.750000,18.170013,7887,6519,5628
2017-05-15T00:20:11.00,40.233608,-104.993812,1529.500000,2.963200,224.600006,8.000000,22.730010,19.230010,8164,6869,5822
2017-05-15T00:20:12.00,40.233600,-104.993812,1529.599975,3.889200,211.699996,8.000000,22.790008,18.630004,8198,6859,5826
2017-05-15T00:20:13.00,40.233592,-104.993820,1529.699951,4.259600,205.800003,8.000000,22.769989,19.250000,8180,6820,5802
2017-05-15T00:20:14.00,40.233589,-104.993812,1529.800048,2.778000,192.000000,8.000000,22.769989,19.390014,8141,6781,5760
2017-05-15T00:20:15.00,40.233581,-104.993812,1529.900024,2.037200,165.800003,8.000000,22.769989,19.250000,8057,6689,5712
2017-05-15T00:20:16.00,40.233570,-104.993812,1530.000000,3.148400,171.899993,8.000000,22.790008,18.910003,8009,6636,5691
2017-05-15T00:20:17.00,40.233562,-104.993820,1530.099975,3.889200,189.600006,8.000000,22.769989,18.929992,7962,6558,5650
2017-05-15T00:20:18.00,40.233554,-104.993820,1530.199951,3.704000,196.800003,8.000000,22.750000,18.890014,7919,6513,5638
2017-05-15T00:20:19.00,40.233551,-104.993827,1530.300048,2.592800,204.300003,8.000000,22.769989,19.010009,7868,6429,5592
2017-05-15T00:20:20.00,40.233543,-104.993827,1530.300048,2.407600,206.100006,8.000000,22.790008,18.470001,7900,6520,5614
2017-05-15T00:20:21.00,40.233535,-104.993827,1530.400024,3.333600,197.000000,8.000000,22.790008,18.570007,7773,6319,5536
2017-05-15T00:20:22.00,40.233528,-104.993827,1530.500000,2.778000,181.399993,8.000000,22.769989,18.149993,7860,6460,5633
2017-05-15T00:20:23.00,40.233524,-104.993820,1530.599975,1.852000,155.600006,8.000000,22.809997,18.130004,7828,6346,5585
2017-05-15T00:20:24.00,40.233516,-104.993804,1530.699951,2.592800,153.500000,8.000000,22.809997,18.429992,7866,6407,5572
2017-05-15T00:20:25.00,40.233509,-104.993789,1530.800048,4.444800,128.699996,8.000000,22.809997,18.470001,7948,6578,5674
2017-05-15T00:20:26.00,40.233501,-104.993782,1530.900024,5.741200,124.599998,8.000000,22.809997,18.470001,7949,6630,5810
2017-05-15T00:20:27.00,40.233489,-104.993766,1530.900024,5.556000,131.100006,8.000000,22.809997,18.290008,8865,8839,7149
2017-05-15T00:20:28.00,40.233478,-104.993751,1531.000000,5.926400,133.300003,8.000000,22.809997,27.649993,12178,11745,9563
2017-05-15T00:20:29.00,40.233470,-104.993743,1531.000000,5.556000,142.399993,8.000000,22.829986,27.989990,12989,12072,10017
2017-05-15T00:20:30.00,40.233463,-104.993743,1531.099975,4.259600,160.399993,8.000000,22.829986,26.869995,12716,11914,10139
2017-05-15T00:20:31.00,40.233459,-104.993751,1531.199951,3.148400,176.300003,7.000000,22.809997,27.549987,13019,12662,9762
2017-05-15T00:20:32.00,40.233463,-104.993759,1531.300048,2.037200,209.399993,8.000000,22.809997,18.970001,8968,7587,6683
2017-05-15T00:20:33.00,40.233474,-104.993774,1531.099975,4.074400,295.100006,8.000000,22.829986,18.489990,7971,6597,5728
2017-05-15T00:20:34.00,40.233489,-104.993782,1531.000000,6.296800,311.700012,8.000000,22.829986,18.410003,7960,6559,5692
2017-05-15T00:20:35.00,40.233505,-104.993797,1530.900024,7.408000,319.500000,8.000000,22.850006,18.250000,7979,6574,5703
2017-05-15T00:20:36.00,40.233524,-104.993804,1530.699951,8.148800,329.299987,7.000000,22.829986,18.709991,8157,6802,5828
2017-05-15T00:20:37.00,40.233543,-104.993812,1530.300048,7.778400,334.799987,8.000000,22.869995,19.589996,8183,6787,5830
2017-05-15T00:20:38.00,40.233570,-104.993820,1530.099975,8.704401,344.100006,8.000000,22.869995,19.049987,8314,7006,5937
2017-05-15T00:20:39.00,40.233592,-104.993827,1529.900024,9.445200,350.200012,8.000000,22.890014,19.089996,8217,6822,5869
2017-05-15T00:20:40.00,40.233608,-104.993843,1529.800048,9.630400,342.500000,8.000000,22.869995,19.489990,8251,6794,5843
2017-05-15T00:20:41.00,40.233615,-104.993858,1529.800048,7.963600,320.299987,8.000000,22.869995,18.709991,8155,6706,5780
2017-05-15T00:20:42.00,40.233615,-104.993881,1529.699951,5.926400,285.200012,8.000000,22.869995,18.869995,8362,7024,5992
2017-05-15T00:20:43.00,40.233612,-104.993896,1529.699951,6.482000,267.600006,8.000000,22.869995,18.149993,8131,6718,5789
2017-05-15T00:20:44.00,40.233604,-104.993911,1529.800048,6.667200,255.100006,8.000000,22.869995,18.690002,8267,6827,5860
2017-05-15T00:20:45.00,40.233592,-104.993927,1529.900024,5.926400,236.199996,7.000000,22.869995,18.390014,8341,6841,5870
2017-05-15T00:20:46.00,40.233589,-104.993942,1530.000000,5.741200,223.600006,7.000000,22.890014,18.769989,8503,7007,5986
2017-05-15T00:20:47.00,40.233589,-104.993957,1530.199951,4.630000,244.100006,8.000000,22.910003,19.130004,8523,7009,5992
2017-05-15T00:20:48.00,40.233581,-104.993965,1530.300048,4.444800,255.899993,7.000000,22.890014,19.089996,8526,7024,5992
2017-05-15T00:20:49.00,40.233581,-104.993972,1530.400024,3.518800,253.100006,7.000000,22.890014,19.190002,8466,6961,5974
2017-05-15T00:20:50.00,40.233577,-104.993980,1530.500000,2.963200,243.300003,7.000000,22.890014,18.589996,8400,6920,5942
2017-05-15T00:20:51.00,40.233577,-104.993995,1530.500000,3.333600,257.500000,8.000000,22.910003,18.269989,8606,7278,6210
2017-05-15T00:20:52.00,40.233573,-104.994003,1530.500000,3.704000,265.899993,8.000000,22.890014,18.630004,8361,6933,5943
2017-05-15T00:20:53.00,40.233570,-104.994003,1530.500000,2.778000,249.600006,8.000000,22.890014,18.309997,8242,6799,5861
2017-05-15T00:20:54.00,40.233558,-104.993995,1530.599975,2.592800,205.300003,8.000000,22.890014,18.209991,8308,6907,5930
2017-05-15T00:20:55.00,40.233547,-104.993988,1530.800048,4.630000,164.699996,8.000000,22.910003,18.109985,8260,6786,5864
2017-05-15T00:20:56.00,40.233543,-104.993980,1530.900024,3.889200,155.500000,8.000000,22.910003,17.989990,8324,6862,5902
2017-05-15T00:20:57.00,40.233539,-104.993980,1531.000000,2.778000,149.699996,8.000000,22.910003,18.730010,8353,6903,5950
2017-05-15T00:20:58.00,40.233539,-104.993980,1531.000000,1.666800,166.300003,8.000000,22.910003,18.089996,8477,7083,6061
2017-05-15T00:20:59.00,40.233535,-104.993988,1530.900024,0.000000,166.300003,8.000000,22.910003,18.429992,8480,7115,6048
2017-05-15T00:21:00.00,40.233535,-104.994003,1530.800048,2.407600,204.000000,8.000000,22.910003,18.429992,8285,6826,5869
2017-05-15T00:21:01.00,40.233543,-104.994018,1530.599975,4.259600,279.299987,8.000000,22.929992,19.230010,4546,3389,4920
2017-05-15T00:21:02.00,40.233547,-104.994033,1530.099975,5.185600,288.500000,8.000000,22.929992,19.089996,4451,3489,3115
2017-05-15T00:21:03.00,40.233551,-104.994041,1529.900024,5.370800,294.799987,8.000000,22.929992,18.829986,4452,3487,3116
2017-05-15T00:21:04.00,40.233551,-104.994041,1529.900024,2.037200,297.500000,8.000000,22.910003,18.809997,4444,3484,3109
2017-05-15T00:21:05.00,40.233551,-104.994041,1529.900024,0.000000,297.500000,8.000000,22.910003,18.609985,4447,3482,3112
2017-05-15T00:21:06.00,40.233551,-104.994041,1529.900024,0.000000,297.500000,8.000000,22.890014,18.690002,4450,3485,3113
2017-05-15T00:21:07.00,40.233551,-104.994041,1529.900024,0.000000,297.500000,8.000000,22.890014,18.510009,4454,3487,3116
2017-05-15T00:21:08.00,40.233551,-104.994041,1529.900024,0.000000,297.500000,8.000000,22.910003,18.790008,4458,3489,3119
2017-05-15T00:21:09.00,40.233551,-104.994041,1529.900024,0.000000,297.500000,8.000000,22.910003,18.670013,4460,3491,3120
2017-05-15T00:21:10.00,40.233551,-104.994041,1529.900024,0.000000,297.500000,8.000000,22.890014,18.589996,4460,3489,3120
2017-05-15T00:21:11.00,40.233551,-104.994041,1529.900024,0.000000,297.500000,8.000000,22.890014,18.630004,4447,3473,3110
2017-05-15T00:21:12.00,40.233551,-104.994041,1529.800048,0.000000,297.500000,8.000000,22.890014,18.809997,4272,3355,3028
2017-05-15T00:21:13.00,40.233551,-104.994041,1529.800048,0.000000,297.500000,8.000000,22.890014,18.730010,4128,3214,2885
2017-05-15T00:21:14.00,40.233551,-104.994041,1529.800048,0.000000,297.500000,8.000000,22.890014,18.730010,4075,3071,3267
2017-05-15T00:21:15.00,40.233551,-104.994041,1529.800048,0.000000,297.500000,8.000000,22.890014,18.549987,9096,7056,8573
2017-05-15T00:21:16.00,40.233551,-104.994041,1529.900024,0.000000,297.500000,7.000000,22.910003,18.910003,12087,13372,11244
2017-05-15T00:21:17.00,40.233554,-104.994049,1529.900024,1.481600,297.500000,7.000000,22.890014,19.170013,15795,20528,16506
2017-05-15T00:21:18.00,40.233558,-104.994064,1529.900024,2.407600,297.500000,6.000000,22.910003,21.790008,18315,21498,18631
2017-05-15T00:21:19.00,40.233577,-104.994079,1529.900024,4.815200,290.899993,6.000000,22.890014,23.529998,17387,18483,17907
2017-05-15T00:21:20.00,40.233577,-104.994079,1529.900024,9.074800,324.200012,6.000000,22.910003,24.130004,21971,26091,19826
2017-05-15T00:21:21.00,40.233577,-104.994079,1529.900024,0.000000,324.200012,8.000000,22.910003,22.829986,21940,29114,24779
2017-05-15T00:21:22.00,40.233596,-104.994094,1529.900024,0.000000,324.200012,8.000000,22.929992,20.309997,24613,26359,24218
2017-05-15T00:21:23.00,40.233600,-104.994110,1530.000000,10.000801,329.200012,7.000000,22.929992,26.049987,18463,21802,19159
2017-05-15T00:21:24.00,40.233608,-104.994117,1530.000000,3.518800,313.100006,7.000000,22.929992,27.049987,17147,19918,16465
2017-05-15T00:21:25.00,40.233612,-104.994125,1530.000000,4.074400,316.000000,8.000000,22.929992,26.730010,15213,16958,13868
2017-05-15T00:21:26.00,40.233623,-104.994132,1530.000000,4.630000,323.100006,6.000000,22.950012,27.389984,15734,17903,14896
2017-05-15T00:21:27.00,40.233634,-104.994140,1530.000000,4.630000,333.899993,6.000000,22.929992,27.109985,15665,17661,14503
2017-05-15T00:21:28.00,40.233642,-104.994148,1530.099975,5.370800,334.899993,7.000000,22.950012,26.890014,15775,17381,14156
2017-05-15T00:21:29.00,40.233654,-104.994155,1530.199951,5.370800,333.600006,8.000000,22.950012,26.750000,16347,17222,13897
2017-05-15T00:21:30.00,40.233665,-104.994163,1530.199951,5.556000,334.100006,6.000000,22.950012,21.609985,15644,16902,15159
2017-05-15T00:21:31.00,40.233676,-104.994171,1530.199951,5.556000,335.399993,5.000000,22.970001,18.309997,15213,17311,14231
2017-05-15T00:21:32.00,40.233688,-104.994171,1530.300048,4.630000,344.600006,6.000000,22.970001,18.470001,15169,16520,14174
2017-05-15T00:21:33.00,40.233699,-104.994178,1530.400024,5.000400,340.299987,6.000000,22.970001,19.029998,15877,17416,14998
2017-05-15T00:21:34.00,40.233711,-104.994186,1530.500000,4.259600,349.600006,6.000000,22.970001,19.329986,19174,21371,18974
2017-05-15T00:21:35.00,40.233718,-104.994186,1530.599975,4.074400,334.100006,7.000000,22.989990,19.190002,20997,23517,20847
2017-05-15T00:21:36.00,40.233730,-104.994194,1530.699951,4.630000,347.200012,5.000000,22.989990,20.709991,25703,28551,24811
2017-05-15T00:21:37.00,40.233745,-104.994194,1530.800048,4.630000,347.000000,6.000000,23.010009,19.989990,21225,21668,19662
2017-05-15T00:21:38.00,40.233745,-104.994194,1530.800048,5.185600,353.200012,6.000000,23.049987,18.750000,19071,20163,18266
2017-05-15T00:21:39.00,40.233745,-104.994194,1530.699951,0.000000,353.200012,6.000000,23.010009,18.429992,17839,19820,16873
2017-05-15T00:21:40.00,40.233760,-104.994194,1530.699951,0.000000,353.200012,7.000000,23.029998,19.390014,21404,24153,20862
2017-05-15T00:21:41.00,40.233776,-104.994194,1530.699951,5.556000,1.100000,7.000000,23.029998,19.070007,21923,24159,21102
2017-05-15T00:21:42.00,40.233791,-104.994194,1530.699951,5.556000,352.600006,7.000000,23.049987,19.510009,22645,25390,22370
2017-05-15T00:21:43.00,40.233806,-104.994194,1530.599975,6.111600,355.799987,7.000000,23.029998,19.670013,23198,25985,22964
2017-05-15T00:21:44.00,40.233818,-104.994194,1530.500000,5.556000,2.900000,7.000000,23.049987,19.769989,24478,27244,23678
2017-05-15T00:21:45.00,40.233829,-104.994186,1530.400024,5.556000,8.900000,7.000000,23.049987,19.850006,24943,27651,24131
2017-05-15T00:21:46.00,40.233840,-104.994178,1530.500000,4.815200,26.399999,4.000000,23.049987,19.570007,25404,27801,25500
2017-05-15T00:21:47.00,40.233860,-104.994163,1530.500000,5.185600,18.799999,5.000000,23.089996,19.649993,23581,26404,23660
2017-05-15T00:21:48.00,40.233871,-104.994163,1530.400024,7.963600,34.799999,6.000000,23.049987,19.049987,21294,24782,21095
2017-05-15T00:21:49.00,40.233882,-104.994155,1530.300048,4.630000,20.200000,8.000000,23.049987,19.869995,24209,28523,24636
2017-05-15T00:21:50.00,40.233894,-104.994148,1530.300048,4.630000,23.700000,7.000000,23.070007,19.049987,22449,25370,23001
2017-05-15T00:21:51.00,40.233905,-104.994148,1530.300048,5.370800,31.000000,8.000000,23.070007,22.589996,24220,28139,25105
2017-05-15T00:21:52.00,40.233917,-104.994140,1530.199951,5.000400,19.500000,8.000000,23.070007,20.130004,22092,24811,21199
2017-05-15T00:21:53.00,40.233932,-104.994148,1530.199951,6.667200,28.700000,7.000000,23.070007,19.670013,19164,21418,19623
2017-05-15T00:21:54.00,40.233943,-104.994155,1530.199951,5.926400,3.600000,6.000000,23.070007,20.989990,13926,17063,13955
2017-05-15T00:21:55.00,40.233959,-104.994171,1530.199951,5.741200,329.500000,6.000000,23.070007,21.130004,13271,16756,16302
2017-05-15T00:21:56.00,40.233963,-104.994186,1530.099975,6.667200,317.399993,6.000000,23.070007,24.309997,8103,8303,7081
2017-05-15T00:21:57.00,40.233966,-104.994201,1530.099975,5.185600,293.600006,6.000000,23.070007,23.829986,6660,7167,5646
2017-05-15T00:21:58.00,40.233974,-104.994209,1530.000000,4.259600,295.200012,5.000000,23.070007,22.329986,5300,5538,4653
2017-05-15T00:21:59.00,40.233982,-104.994224,1529.800048,4.074400,302.000000,8.000000,23.070007,23.070007,3445,3050,3083
2017-05-15T00:22:00.00,40.233985,-104.994232,1529.699951,5.185600,305.899993,8.000000,23.070007,22.630004,2284,2505,2195
2017-05-15T00:22:01.00,40.233985,-104.994232,1529.699951,2.222400,287.899993,8.000000,23.070007,22.410003,2147,2356,2074
2017-05-15T00:22:02.00,40.233985,-104.994232,1529.699951,0.000000,287.899993,8.000000,23.049987,22.690002,2187,2421,2131
2017-05-15T00:22:03.00,40.233985,-104.994232,1529.699951,0.000000,287.899993,7.000000,23.070007,22.690002,2191,2415,2124
2017-05-15T00:22:04.00,40.233985,-104.994232,1529.699951,0.000000,287.899993,7.000000,23.049987,22.769989,2192,2420,2128
